   XB-NEW,    YB-NEW  ,   XB-SYM   ,   YB-SYM   ,  CAMBER-Y  , CAMBER-dY/dX 
 0   0   1   1   6  
    1.000000    0.001260    0.000000    0.000000    0.000000    0.000000
    0.990172    0.002631    0.000024    0.000876    0.000000    0.000000
    0.980393    0.003978    0.000097    0.001748    0.000000    0.000000
    0.970662    0.005303    0.000218    0.002616    0.000000    0.000000
    0.960979    0.006606    0.000388    0.003481    0.000000    0.000000
    0.951346    0.007888    0.000607    0.004342    0.000000    0.000000
    0.941760    0.009148    0.000874    0.005199    0.000000    0.000000
    0.932223    0.010388    0.001189    0.006053    0.000000    0.000000
    0.922735    0.011608    0.001553    0.006902    0.000000    0.000000
    0.913296    0.012809    0.001966    0.007748    0.000000    0.000000
    0.903904    0.013990    0.002427    0.008591    0.000000    0.000000
    0.894562    0.015152    0.002936    0.009429    0.000000    0.000000
    0.885268    0.016296    0.003494    0.010264    0.000000    0.000000
    0.876022    0.017422    0.004101    0.011094    0.000000    0.000000
    0.866825    0.018529    0.004756    0.011921    0.000000    0.000000
    0.857677    0.019620    0.005460    0.012744    0.000000    0.000000
    0.848577    0.020693    0.006212    0.013563    0.000000    0.000000
    0.839525    0.021749    0.007013    0.014378    0.000000    0.000000
    0.830522    0.022788    0.007862    0.015188    0.000000    0.000000
    0.821568    0.023811    0.008760    0.015995    0.000000    0.000000
    0.812662    0.024818    0.009707    0.016797    0.000000    0.000000
    0.803805    0.025809    0.010702    0.017595    0.000000    0.000000
    0.794996    0.026784    0.011745    0.018389    0.000000    0.000000
    0.786236    0.027743    0.012837    0.019178    0.000000    0.000000
    0.777524    0.028687    0.013978    0.019963    0.000000    0.000000
    0.768861    0.029616    0.015167    0.020744    0.000000    0.000000
    0.760247    0.030529    0.016404    0.021520    0.000000    0.000000
    0.751680    0.031428    0.017690    0.022291    0.000000    0.000000
    0.743163    0.032312    0.019025    0.023058    0.000000    0.000000
    0.734694    0.033181    0.020408    0.023819    0.000000    0.000000
    0.726273    0.034035    0.021840    0.024576    0.000000    0.000000
    0.717901    0.034875    0.023320    0.025328    0.000000    0.000000
    0.709578    0.035701    0.024849    0.026075    0.000000    0.000000
    0.701303    0.036512    0.026426    0.026817    0.000000    0.000000
    0.693077    0.037309    0.028052    0.027553    0.000000    0.000000
    0.684899    0.038092    0.029727    0.028284    0.000000    0.000000
    0.676770    0.038861    0.031449    0.029010    0.000000    0.000000
    0.668689    0.039616    0.033221    0.029731    0.000000    0.000000
    0.660657    0.040357    0.035041    0.030446    0.000000    0.000000
    0.652673    0.041084    0.036909    0.031155    0.000000    0.000000
    0.644738    0.041797    0.038826    0.031858    0.000000    0.000000
    0.636851    0.042496    0.040792    0.032556    0.000000    0.000000
    0.629013    0.043181    0.042806    0.033247    0.000000    0.000000
    0.621223    0.043853    0.044869    0.033932    0.000000    0.000000
    0.613482    0.044511    0.046980    0.034612    0.000000    0.000000
    0.605790    0.045155    0.049140    0.035285    0.000000    0.000000
    0.598146    0.045786    0.051348    0.035951    0.000000    0.000000
    0.590551    0.046402    0.053605    0.036611    0.000000    0.000000
    0.583004    0.047006    0.055910    0.037265    0.000000    0.000000
    0.575505    0.047595    0.058264    0.037911    0.000000    0.000000
    0.568056    0.048171    0.060666    0.038551    0.000000    0.000000
    0.560654    0.048733    0.063117    0.039184    0.000000    0.000000
    0.553301    0.049281    0.065617    0.039810    0.000000    0.000000
    0.545997    0.049816    0.068165    0.040429    0.000000    0.000000
    0.538742    0.050337    0.070761    0.041040    0.000000    0.000000
    0.531534    0.050845    0.073406    0.041644    0.000000    0.000000
    0.524376    0.051338    0.076100    0.042240    0.000000    0.000000
    0.517266    0.051819    0.078842    0.042829    0.000000    0.000000
    0.510204    0.052285    0.081633    0.043410    0.000000    0.000000
    0.503191    0.052738    0.084472    0.043983    0.000000    0.000000
    0.496227    0.053177    0.087360    0.044548    0.000000    0.000000
    0.489311    0.053602    0.090296    0.045105    0.000000    0.000000
    0.482443    0.054014    0.093281    0.045653    0.000000    0.000000
    0.475624    0.054412    0.096314    0.046194    0.000000    0.000000
    0.468854    0.054796    0.099396    0.046725    0.000000    0.000000
    0.462132    0.055167    0.102526    0.047249    0.000000    0.000000
    0.455459    0.055524    0.105705    0.047763    0.000000    0.000000
    0.448834    0.055867    0.108933    0.048268    0.000000    0.000000
    0.442258    0.056196    0.112208    0.048765    0.000000    0.000000
    0.435730    0.056512    0.115533    0.049252    0.000000    0.000000
    0.429251    0.056814    0.118906    0.049730    0.000000    0.000000
    0.422820    0.057103    0.122328    0.050199    0.000000    0.000000
    0.416438    0.057377    0.125798    0.050658    0.000000    0.000000
    0.410105    0.057638    0.129316    0.051108    0.000000    0.000000
    0.403820    0.057886    0.132884    0.051548    0.000000    0.000000
    0.397583    0.058119    0.136499    0.051978    0.000000    0.000000
    0.391395    0.058339    0.140164    0.052398    0.000000    0.000000
    0.385256    0.058546    0.143876    0.052808    0.000000    0.000000
    0.379165    0.058738    0.147638    0.053208    0.000000    0.000000
    0.373122    0.058917    0.151447    0.053598    0.000000    0.000000
    0.367129    0.059083    0.155306    0.053977    0.000000    0.000000
    0.361183    0.059235    0.159213    0.054346    0.000000    0.000000
    0.355286    0.059373    0.163168    0.054704    0.000000    0.000000
    0.349438    0.059498    0.167172    0.055051    0.000000    0.000000
    0.343639    0.059609    0.171225    0.055388    0.000000    0.000000
    0.337887    0.059707    0.175326    0.055713    0.000000    0.000000
    0.332185    0.059791    0.179475    0.056027    0.000000    0.000000
    0.326531    0.059862    0.183673    0.056331    0.000000    0.000000
    0.320925    0.059920    0.187920    0.056623    0.000000    0.000000
    0.315368    0.059964    0.192215    0.056903    0.000000    0.000000
    0.309859    0.059995    0.196559    0.057172    0.000000    0.000000
    0.304400    0.060013    0.200951    0.057430    0.000000    0.000000
    0.298988    0.060017    0.205392    0.057676    0.000000    0.000000
    0.293625    0.060008    0.209881    0.057910    0.000000    0.000000
    0.288311    0.059987    0.214419    0.058132    0.000000    0.000000
    0.283045    0.059952    0.219006    0.058343    0.000000    0.000000
    0.277828    0.059904    0.223640    0.058541    0.000000    0.000000
    0.272659    0.059844    0.228324    0.058727    0.000000    0.000000
    0.267539    0.059770    0.233056    0.058901    0.000000    0.000000
    0.262467    0.059684    0.237836    0.059063    0.000000    0.000000
    0.257444    0.059585    0.242665    0.059212    0.000000    0.000000
    0.252469    0.059473    0.247543    0.059349    0.000000    0.000000
    0.247543    0.059349    0.252469    0.059473    0.000000    0.000000
    0.242665    0.059212    0.257444    0.059585    0.000000    0.000000
    0.237836    0.059063    0.262467    0.059684    0.000000    0.000000
    0.233056    0.058901    0.267539    0.059770    0.000000    0.000000
    0.228324    0.058727    0.272659    0.059844    0.000000    0.000000
    0.223640    0.058541    0.277828    0.059904    0.000000    0.000000
    0.219006    0.058343    0.283045    0.059952    0.000000    0.000000
    0.214419    0.058132    0.288311    0.059987    0.000000    0.000000
    0.209881    0.057910    0.293625    0.060008    0.000000    0.000000
    0.205392    0.057676    0.298988    0.060017    0.000000    0.000000
    0.200951    0.057430    0.304400    0.060013    0.000000    0.000000
    0.196559    0.057172    0.309859    0.059995    0.000000    0.000000
    0.192215    0.056903    0.315368    0.059964    0.000000    0.000000
    0.187920    0.056623    0.320925    0.059920    0.000000    0.000000
    0.183673    0.056331    0.326531    0.059862    0.000000    0.000000
    0.179475    0.056027    0.332185    0.059791    0.000000    0.000000
    0.175326    0.055713    0.337887    0.059707    0.000000    0.000000
    0.171225    0.055388    0.343639    0.059609    0.000000    0.000000
    0.167172    0.055051    0.349438    0.059498    0.000000    0.000000
    0.163168    0.054704    0.355286    0.059373    0.000000    0.000000
    0.159213    0.054346    0.361183    0.059235    0.000000    0.000000
    0.155306    0.053977    0.367129    0.059083    0.000000    0.000000
    0.151447    0.053598    0.373122    0.058917    0.000000    0.000000
    0.147638    0.053208    0.379165    0.058738    0.000000    0.000000
    0.143876    0.052808    0.385256    0.058546    0.000000    0.000000
    0.140164    0.052398    0.391395    0.058339    0.000000    0.000000
    0.136499    0.051978    0.397583    0.058119    0.000000    0.000000
    0.132884    0.051548    0.403820    0.057886    0.000000    0.000000
    0.129316    0.051108    0.410105    0.057638    0.000000    0.000000
    0.125798    0.050658    0.416438    0.057377    0.000000    0.000000
    0.122328    0.050199    0.422820    0.057103    0.000000    0.000000
    0.118906    0.049730    0.429251    0.056814    0.000000    0.000000
    0.115533    0.049252    0.435730    0.056512    0.000000    0.000000
    0.112208    0.048765    0.442258    0.056196    0.000000    0.000000
    0.108933    0.048268    0.448834    0.055867    0.000000    0.000000
    0.105705    0.047763    0.455459    0.055524    0.000000    0.000000
    0.102526    0.047249    0.462132    0.055167    0.000000    0.000000
    0.099396    0.046725    0.468854    0.054796    0.000000    0.000000
    0.096314    0.046194    0.475624    0.054412    0.000000    0.000000
    0.093281    0.045653    0.482443    0.054014    0.000000    0.000000
    0.090296    0.045105    0.489311    0.053602    0.000000    0.000000
    0.087360    0.044548    0.496227    0.053177    0.000000    0.000000
    0.084472    0.043983    0.503191    0.052738    0.000000    0.000000
    0.081633    0.043410    0.510204    0.052285    0.000000    0.000000
    0.078842    0.042829    0.517266    0.051819    0.000000    0.000000
    0.076100    0.042240    0.524376    0.051338    0.000000    0.000000
    0.073406    0.041644    0.531534    0.050845    0.000000    0.000000
    0.070761    0.041040    0.538742    0.050337    0.000000    0.000000
    0.068165    0.040429    0.545997    0.049816    0.000000    0.000000
    0.065617    0.039810    0.553301    0.049281    0.000000    0.000000
    0.063117    0.039184    0.560654    0.048733    0.000000    0.000000
    0.060666    0.038551    0.568056    0.048171    0.000000    0.000000
    0.058264    0.037911    0.575505    0.047595    0.000000    0.000000
    0.055910    0.037265    0.583004    0.047006    0.000000    0.000000
    0.053605    0.036611    0.590551    0.046402    0.000000    0.000000
    0.051348    0.035951    0.598146    0.045786    0.000000    0.000000
    0.049140    0.035285    0.605790    0.045155    0.000000    0.000000
    0.046980    0.034612    0.613482    0.044511    0.000000    0.000000
    0.044869    0.033932    0.621223    0.043853    0.000000    0.000000
    0.042806    0.033247    0.629013    0.043181    0.000000    0.000000
    0.040792    0.032556    0.636851    0.042496    0.000000    0.000000
    0.038826    0.031858    0.644738    0.041797    0.000000    0.000000
    0.036909    0.031155    0.652673    0.041084    0.000000    0.000000
    0.035041    0.030446    0.660657    0.040357    0.000000    0.000000
    0.033221    0.029731    0.668689    0.039616    0.000000    0.000000
    0.031449    0.029010    0.676770    0.038861    0.000000    0.000000
    0.029727    0.028284    0.684899    0.038092    0.000000    0.000000
    0.028052    0.027553    0.693077    0.037309    0.000000    0.000000
    0.026426    0.026817    0.701303    0.036512    0.000000    0.000000
    0.024849    0.026075    0.709578    0.035701    0.000000    0.000000
    0.023320    0.025328    0.717901    0.034875    0.000000    0.000000
    0.021840    0.024576    0.726273    0.034035    0.000000    0.000000
    0.020408    0.023819    0.734694    0.033181    0.000000    0.000000
    0.019025    0.023058    0.743163    0.032312    0.000000    0.000000
    0.017690    0.022291    0.751680    0.031428    0.000000    0.000000
    0.016404    0.021520    0.760247    0.030529    0.000000    0.000000
    0.015167    0.020744    0.768861    0.029616    0.000000    0.000000
    0.013978    0.019963    0.777524    0.028687    0.000000    0.000000
    0.012837    0.019178    0.786236    0.027743    0.000000    0.000000
    0.011745    0.018389    0.794996    0.026784    0.000000    0.000000
    0.010702    0.017595    0.803805    0.025809    0.000000    0.000000
    0.009707    0.016797    0.812662    0.024818    0.000000    0.000000
    0.008760    0.015995    0.821568    0.023811    0.000000    0.000000
    0.007862    0.015188    0.830522    0.022788    0.000000    0.000000
    0.007013    0.014378    0.839525    0.021749    0.000000    0.000000
    0.006212    0.013563    0.848577    0.020693    0.000000    0.000000
    0.005460    0.012744    0.857677    0.019620    0.000000    0.000000
    0.004756    0.011921    0.866825    0.018529    0.000000    0.000000
    0.004101    0.011094    0.876022    0.017422    0.000000    0.000000
    0.003494    0.010264    0.885268    0.016296    0.000000    0.000000
    0.002936    0.009429    0.894562    0.015152    0.000000    0.000000
    0.002427    0.008591    0.903904    0.013990    0.000000    0.000000
    0.001966    0.007748    0.913296    0.012809    0.000000    0.000000
    0.001553    0.006902    0.922735    0.011608    0.000000    0.000000
    0.001189    0.006053    0.932223    0.010388    0.000000    0.000000
    0.000874    0.005199    0.941760    0.009148    0.000000    0.000000
    0.000607    0.004342    0.951346    0.007888    0.000000    0.000000
    0.000388    0.003481    0.960979    0.006606    0.000000    0.000000
    0.000218    0.002616    0.970662    0.005303    0.000000    0.000000
    0.000097    0.001748    0.980393    0.003978    0.000000    0.000000
    0.000024    0.000876    0.990172    0.002631    0.000000    0.000000
    0.000000    0.000000    1.000000    0.001260    0.000000    0.000000
    0.000024   -0.000876    0.000000    0.000000    0.000000    0.000000
    0.000097   -0.001748    0.000000    0.000000    0.000000    0.000000
    0.000218   -0.002616    0.000000    0.000000    0.000000    0.000000
    0.000388   -0.003481    0.000000    0.000000    0.000000    0.000000
    0.000607   -0.004342    0.000000    0.000000    0.000000    0.000000
    0.000874   -0.005199    0.000000    0.000000    0.000000    0.000000
    0.001189   -0.006053    0.000000    0.000000    0.000000    0.000000
    0.001553   -0.006902    0.000000    0.000000    0.000000    0.000000
    0.001966   -0.007748    0.000000    0.000000    0.000000    0.000000
    0.002427   -0.008591    0.000000    0.000000    0.000000    0.000000
    0.002936   -0.009429    0.000000    0.000000    0.000000    0.000000
    0.003494   -0.010264    0.000000    0.000000    0.000000    0.000000
    0.004101   -0.011094    0.000000    0.000000    0.000000    0.000000
    0.004756   -0.011921    0.000000    0.000000    0.000000    0.000000
    0.005460   -0.012744    0.000000    0.000000    0.000000    0.000000
    0.006212   -0.013563    0.000000    0.000000    0.000000    0.000000
    0.007013   -0.014378    0.000000    0.000000    0.000000    0.000000
    0.007862   -0.015188    0.000000    0.000000    0.000000    0.000000
    0.008760   -0.015995    0.000000    0.000000    0.000000    0.000000
    0.009707   -0.016797    0.000000    0.000000    0.000000    0.000000
    0.010702   -0.017595    0.000000    0.000000    0.000000    0.000000
    0.011745   -0.018389    0.000000    0.000000    0.000000    0.000000
    0.012837   -0.019178    0.000000    0.000000    0.000000    0.000000
    0.013978   -0.019963    0.000000    0.000000    0.000000    0.000000
    0.015167   -0.020744    0.000000    0.000000    0.000000    0.000000
    0.016404   -0.021520    0.000000    0.000000    0.000000    0.000000
    0.017690   -0.022291    0.000000    0.000000    0.000000    0.000000
    0.019025   -0.023058    0.000000    0.000000    0.000000    0.000000
    0.020408   -0.023819    0.000000    0.000000    0.000000    0.000000
    0.021840   -0.024576    0.000000    0.000000    0.000000    0.000000
    0.023320   -0.025328    0.000000    0.000000    0.000000    0.000000
    0.024849   -0.026075    0.000000    0.000000    0.000000    0.000000
    0.026426   -0.026817    0.000000    0.000000    0.000000    0.000000
    0.028052   -0.027553    0.000000    0.000000    0.000000    0.000000
    0.029727   -0.028284    0.000000    0.000000    0.000000    0.000000
    0.031449   -0.029010    0.000000    0.000000    0.000000    0.000000
    0.033221   -0.029731    0.000000    0.000000    0.000000    0.000000
    0.035041   -0.030446    0.000000    0.000000    0.000000    0.000000
    0.036909   -0.031155    0.000000    0.000000    0.000000    0.000000
    0.038826   -0.031858    0.000000    0.000000    0.000000    0.000000
    0.040792   -0.032556    0.000000    0.000000    0.000000    0.000000
    0.042806   -0.033247    0.000000    0.000000    0.000000    0.000000
    0.044869   -0.033932    0.000000    0.000000    0.000000    0.000000
    0.046980   -0.034612    0.000000    0.000000    0.000000    0.000000
    0.049140   -0.035285    0.000000    0.000000    0.000000    0.000000
    0.051348   -0.035951    0.000000    0.000000    0.000000    0.000000
    0.053605   -0.036611    0.000000    0.000000    0.000000    0.000000
    0.055910   -0.037265    0.000000    0.000000    0.000000    0.000000
    0.058264   -0.037911    0.000000    0.000000    0.000000    0.000000
    0.060666   -0.038551    0.000000    0.000000    0.000000    0.000000
    0.063117   -0.039184    0.000000    0.000000    0.000000    0.000000
    0.065617   -0.039810    0.000000    0.000000    0.000000    0.000000
    0.068165   -0.040429    0.000000    0.000000    0.000000    0.000000
    0.070761   -0.041040    0.000000    0.000000    0.000000    0.000000
    0.073406   -0.041644    0.000000    0.000000    0.000000    0.000000
    0.076100   -0.042240    0.000000    0.000000    0.000000    0.000000
    0.078842   -0.042829    0.000000    0.000000    0.000000    0.000000
    0.081633   -0.043410    0.000000    0.000000    0.000000    0.000000
    0.084472   -0.043983    0.000000    0.000000    0.000000    0.000000
    0.087360   -0.044548    0.000000    0.000000    0.000000    0.000000
    0.090296   -0.045105    0.000000    0.000000    0.000000    0.000000
    0.093281   -0.045653    0.000000    0.000000    0.000000    0.000000
    0.096314   -0.046194    0.000000    0.000000    0.000000    0.000000
    0.099396   -0.046725    0.000000    0.000000    0.000000    0.000000
    0.102526   -0.047249    0.000000    0.000000    0.000000    0.000000
    0.105705   -0.047763    0.000000    0.000000    0.000000    0.000000
    0.108933   -0.048268    0.000000    0.000000    0.000000    0.000000
    0.112208   -0.048765    0.000000    0.000000    0.000000    0.000000
    0.115533   -0.049252    0.000000    0.000000    0.000000    0.000000
    0.118906   -0.049730    0.000000    0.000000    0.000000    0.000000
    0.122328   -0.050199    0.000000    0.000000    0.000000    0.000000
    0.125798   -0.050658    0.000000    0.000000    0.000000    0.000000
    0.129316   -0.051108    0.000000    0.000000    0.000000    0.000000
    0.132884   -0.051548    0.000000    0.000000    0.000000    0.000000
    0.136499   -0.051978    0.000000    0.000000    0.000000    0.000000
    0.140164   -0.052398    0.000000    0.000000    0.000000    0.000000
    0.143876   -0.052808    0.000000    0.000000    0.000000    0.000000
    0.147638   -0.053208    0.000000    0.000000    0.000000    0.000000
    0.151447   -0.053598    0.000000    0.000000    0.000000    0.000000
    0.155306   -0.053977    0.000000    0.000000    0.000000    0.000000
    0.159213   -0.054346    0.000000    0.000000    0.000000    0.000000
    0.163168   -0.054704    0.000000    0.000000    0.000000    0.000000
    0.167172   -0.055051    0.000000    0.000000    0.000000    0.000000
    0.171225   -0.055388    0.000000    0.000000    0.000000    0.000000
    0.175326   -0.055713    0.000000    0.000000    0.000000    0.000000
    0.179475   -0.056027    0.000000    0.000000    0.000000    0.000000
    0.183673   -0.056331    0.000000    0.000000    0.000000    0.000000
    0.187920   -0.056623    0.000000    0.000000    0.000000    0.000000
    0.192215   -0.056903    0.000000    0.000000    0.000000    0.000000
    0.196559   -0.057172    0.000000    0.000000    0.000000    0.000000
    0.200951   -0.057430    0.000000    0.000000    0.000000    0.000000
    0.205392   -0.057676    0.000000    0.000000    0.000000    0.000000
    0.209881   -0.057910    0.000000    0.000000    0.000000    0.000000
    0.214419   -0.058132    0.000000    0.000000    0.000000    0.000000
    0.219006   -0.058343    0.000000    0.000000    0.000000    0.000000
    0.223640   -0.058541    0.000000    0.000000    0.000000    0.000000
    0.228324   -0.058727    0.000000    0.000000    0.000000    0.000000
    0.233056   -0.058901    0.000000    0.000000    0.000000    0.000000
    0.237836   -0.059063    0.000000    0.000000    0.000000    0.000000
    0.242665   -0.059212    0.000000    0.000000    0.000000    0.000000
    0.247543   -0.059349    0.000000    0.000000    0.000000    0.000000
    0.252469   -0.059473    0.000000    0.000000    0.000000    0.000000
    0.257444   -0.059585    0.000000    0.000000    0.000000    0.000000
    0.262467   -0.059684    0.000000    0.000000    0.000000    0.000000
    0.267539   -0.059770    0.000000    0.000000    0.000000    0.000000
    0.272659   -0.059844    0.000000    0.000000    0.000000    0.000000
    0.277828   -0.059904    0.000000    0.000000    0.000000    0.000000
    0.283045   -0.059952    0.000000    0.000000    0.000000    0.000000
    0.288311   -0.059987    0.000000    0.000000    0.000000    0.000000
    0.293625   -0.060008    0.000000    0.000000    0.000000    0.000000
    0.298988   -0.060017    0.000000    0.000000    0.000000    0.000000
    0.304400   -0.060013    0.000000    0.000000    0.000000    0.000000
    0.309859   -0.059995    0.000000    0.000000    0.000000    0.000000
    0.315368   -0.059964    0.000000    0.000000    0.000000    0.000000
    0.320925   -0.059920    0.000000    0.000000    0.000000    0.000000
    0.326531   -0.059862    0.000000    0.000000    0.000000    0.000000
    0.332185   -0.059791    0.000000    0.000000    0.000000    0.000000
    0.337887   -0.059707    0.000000    0.000000    0.000000    0.000000
    0.343639   -0.059609    0.000000    0.000000    0.000000    0.000000
    0.349438   -0.059498    0.000000    0.000000    0.000000    0.000000
    0.355286   -0.059373    0.000000    0.000000    0.000000    0.000000
    0.361183   -0.059235    0.000000    0.000000    0.000000    0.000000
    0.367129   -0.059083    0.000000    0.000000    0.000000    0.000000
    0.373122   -0.058917    0.000000    0.000000    0.000000    0.000000
    0.379165   -0.058738    0.000000    0.000000    0.000000    0.000000
    0.385256   -0.058546    0.000000    0.000000    0.000000    0.000000
    0.391395   -0.058339    0.000000    0.000000    0.000000    0.000000
    0.397583   -0.058119    0.000000    0.000000    0.000000    0.000000
    0.403820   -0.057886    0.000000    0.000000    0.000000    0.000000
    0.410105   -0.057638    0.000000    0.000000    0.000000    0.000000
    0.416438   -0.057377    0.000000    0.000000    0.000000    0.000000
    0.422820   -0.057103    0.000000    0.000000    0.000000    0.000000
    0.429251   -0.056814    0.000000    0.000000    0.000000    0.000000
    0.435730   -0.056512    0.000000    0.000000    0.000000    0.000000
    0.442258   -0.056196    0.000000    0.000000    0.000000    0.000000
    0.448834   -0.055867    0.000000    0.000000    0.000000    0.000000
    0.455459   -0.055524    0.000000    0.000000    0.000000    0.000000
    0.462132   -0.055167    0.000000    0.000000    0.000000    0.000000
    0.468854   -0.054796    0.000000    0.000000    0.000000    0.000000
    0.475624   -0.054412    0.000000    0.000000    0.000000    0.000000
    0.482443   -0.054014    0.000000    0.000000    0.000000    0.000000
    0.489311   -0.053602    0.000000    0.000000    0.000000    0.000000
    0.496227   -0.053177    0.000000    0.000000    0.000000    0.000000
    0.503191   -0.052738    0.000000    0.000000    0.000000    0.000000
    0.510204   -0.052285    0.000000    0.000000    0.000000    0.000000
    0.517266   -0.051819    0.000000    0.000000    0.000000    0.000000
    0.524376   -0.051338    0.000000    0.000000    0.000000    0.000000
    0.531534   -0.050845    0.000000    0.000000    0.000000    0.000000
    0.538742   -0.050337    0.000000    0.000000    0.000000    0.000000
    0.545997   -0.049816    0.000000    0.000000    0.000000    0.000000
    0.553301   -0.049281    0.000000    0.000000    0.000000    0.000000
    0.560654   -0.048733    0.000000    0.000000    0.000000    0.000000
    0.568056   -0.048171    0.000000    0.000000    0.000000    0.000000
    0.575505   -0.047595    0.000000    0.000000    0.000000    0.000000
    0.583004   -0.047006    0.000000    0.000000    0.000000    0.000000
    0.590551   -0.046402    0.000000    0.000000    0.000000    0.000000
    0.598146   -0.045786    0.000000    0.000000    0.000000    0.000000
    0.605790   -0.045155    0.000000    0.000000    0.000000    0.000000
    0.613482   -0.044511    0.000000    0.000000    0.000000    0.000000
    0.621223   -0.043853    0.000000    0.000000    0.000000    0.000000
    0.629013   -0.043181    0.000000    0.000000    0.000000    0.000000
    0.636851   -0.042496    0.000000    0.000000    0.000000    0.000000
    0.644738   -0.041797    0.000000    0.000000    0.000000    0.000000
    0.652673   -0.041084    0.000000    0.000000    0.000000    0.000000
    0.660657   -0.040357    0.000000    0.000000    0.000000    0.000000
    0.668689   -0.039616    0.000000    0.000000    0.000000    0.000000
    0.676770   -0.038861    0.000000    0.000000    0.000000    0.000000
    0.684899   -0.038092    0.000000    0.000000    0.000000    0.000000
    0.693077   -0.037309    0.000000    0.000000    0.000000    0.000000
    0.701303   -0.036512    0.000000    0.000000    0.000000    0.000000
    0.709578   -0.035701    0.000000    0.000000    0.000000    0.000000
    0.717901   -0.034875    0.000000    0.000000    0.000000    0.000000
    0.726273   -0.034035    0.000000    0.000000    0.000000    0.000000
    0.734694   -0.033181    0.000000    0.000000    0.000000    0.000000
    0.743163   -0.032312    0.000000    0.000000    0.000000    0.000000
    0.751680   -0.031428    0.000000    0.000000    0.000000    0.000000
    0.760247   -0.030529    0.000000    0.000000    0.000000    0.000000
    0.768861   -0.029616    0.000000    0.000000    0.000000    0.000000
    0.777524   -0.028687    0.000000    0.000000    0.000000    0.000000
    0.786236   -0.027743    0.000000    0.000000    0.000000    0.000000
    0.794996   -0.026784    0.000000    0.000000    0.000000    0.000000
    0.803805   -0.025809    0.000000    0.000000    0.000000    0.000000
    0.812662   -0.024818    0.000000    0.000000    0.000000    0.000000
    0.821568   -0.023811    0.000000    0.000000    0.000000    0.000000
    0.830522   -0.022788    0.000000    0.000000    0.000000    0.000000
    0.839525   -0.021749    0.000000    0.000000    0.000000    0.000000
    0.848577   -0.020693    0.000000    0.000000    0.000000    0.000000
    0.857677   -0.019620    0.000000    0.000000    0.000000    0.000000
    0.866825   -0.018529    0.000000    0.000000    0.000000    0.000000
    0.876022   -0.017422    0.000000    0.000000    0.000000    0.000000
    0.885268   -0.016296    0.000000    0.000000    0.000000    0.000000
    0.894562   -0.015152    0.000000    0.000000    0.000000    0.000000
    0.903904   -0.013990    0.000000    0.000000    0.000000    0.000000
    0.913296   -0.012809    0.000000    0.000000    0.000000    0.000000
    0.922735   -0.011608    0.000000    0.000000    0.000000    0.000000
    0.932223   -0.010388    0.000000    0.000000    0.000000    0.000000
    0.941760   -0.009148    0.000000    0.000000    0.000000    0.000000
    0.951346   -0.007888    0.000000    0.000000    0.000000    0.000000
    0.960979   -0.006606    0.000000    0.000000    0.000000    0.000000
    0.970662   -0.005303    0.000000    0.000000    0.000000    0.000000
    0.980393   -0.003978    0.000000    0.000000    0.000000    0.000000
    0.990172   -0.002631    0.000000    0.000000    0.000000    0.000000
    1.000000   -0.001260    0.000000    0.000000    0.000000    0.000000
