   1.00000000       5.35220011E-08 -0.990116715     -0.140245423    
  0.999000013      -1.41590004E-04 -0.990024328     -0.140896812    
  0.997969985      -2.88179988E-04 -0.990280807     -0.139082476    
  0.996890008      -4.39860014E-04 -0.990153670     -0.139984116    
  0.995779991      -5.96789992E-04 -0.990182877     -0.139777929    
  0.994629979      -7.59129995E-04 -0.990190506     -0.139724255    
  0.993439972      -9.27050016E-04 -0.990335643     -0.138691887    
  0.992200017      -1.10070000E-03 -0.990299404     -0.138950303    
  0.990920007      -1.28029997E-03 -0.990248919     -0.139309555    
  0.989600003      -1.46599999E-03 -0.990332007     -0.138717517    
  0.988229990      -1.65790005E-03 -0.990379453     -0.138377905    
  0.986810029      -1.85630005E-03 -0.990415990     -0.138116434    
  0.985339999      -2.06129998E-03 -0.990553856     -0.137124464    
  0.983810008      -2.27309996E-03 -0.990419388     -0.138092250    
  0.982240021      -2.49200012E-03 -0.990524590     -0.137335762    
  0.980610013      -2.71799997E-03 -0.990597904     -0.136805534    
  0.978919983      -2.95139989E-03 -0.990535975     -0.137253568    
  0.977180004      -3.19249998E-03 -0.990684509     -0.136177018    
  0.975369990      -3.44130001E-03 -0.990701854     -0.136051074    
  0.973500013      -3.69810010E-03 -0.990704775     -0.136029363    
  0.971570015      -3.96309979E-03 -0.990785778     -0.135438114    
  0.969569981      -4.23649978E-03 -0.990854144     -0.134937510    
  0.967499971      -4.51839995E-03 -0.990808427     -0.135272667    
  0.965369999      -4.80919983E-03 -0.990923941     -0.134423688    
  0.963159978      -5.10900002E-03 -0.991018414     -0.133725345    
  0.960870028      -5.41799981E-03 -0.990945995     -0.134260833    
  0.958519995      -5.73639991E-03 -0.991085231     -0.133229241    
  0.956080019      -6.06440008E-03 -0.991135061     -0.132857993    
  0.953559995      -6.40220009E-03 -0.991171300     -0.132587537    
  0.950959980      -6.75000018E-03 -0.991259813     -0.131924361    
  0.948270023      -7.10800011E-03 -0.991266966     -0.131870270    
  0.945500016      -7.47649977E-03 -0.991333544     -0.131368697    
  0.942640007      -7.85550009E-03 -0.991382837     -0.130996227    
  0.939689994      -8.24529957E-03 -0.991479933     -0.130259201    
  0.936640024      -8.64600018E-03 -0.991505742     -0.130062670    
  0.933499992      -9.05789994E-03 -0.991632283     -0.129095107    
  0.930249989      -9.48099978E-03 -0.991640508     -0.129031748    
  0.926909983      -9.91559960E-03 -0.991684914     -0.128689975    
  0.923470020      -1.03620002E-02 -0.991825759     -0.127599880    
  0.919910014      -1.08200004E-02 -0.991811275     -0.127712175    
  0.916260004      -1.12899998E-02 -0.991958916     -0.126560524    
  0.912490010      -1.17710000E-02 -0.992032886     -0.125979200    
  0.908599973      -1.22649996E-02 -0.992023230     -0.126054466    
  0.904609978      -1.27720004E-02 -0.992151022     -0.125045419    
  0.900500000      -1.32900001E-02 -0.992248952     -0.124265850    
  0.896260023      -1.38210002E-02 -0.992298961     -0.123866141    
  0.891910017      -1.43640004E-02 -0.992352784     -0.123433754    
  0.887440026      -1.49200000E-02 -0.992462814     -0.122546226    
  0.882839978      -1.54879997E-02 -0.992540300     -0.121917233    
  0.878109992      -1.60690006E-02 -0.992637992     -0.121118404    
  0.873250008      -1.66619997E-02 -0.992677450     -0.120795101    
  0.868269980      -1.72680002E-02 -0.992793977     -0.119833738    
  0.863150001      -1.78859998E-02 -0.992903590     -0.118922241    
  0.857890010      -1.85160004E-02 -0.992959440     -0.118455343    
  0.852500021      -1.91590004E-02 -0.993054628     -0.117654212    
  0.846979976      -1.98129993E-02 -0.993127763     -0.117034756    
  0.841319978      -2.04799995E-02 -0.993240118     -0.116078407    
  0.835510015      -2.11590007E-02 -0.993320823     -0.115385383    
  0.829569995      -2.18490008E-02 -0.993418932     -0.114537656    
  0.823490024      -2.25499999E-02 -0.993512154     -0.113725983    
  0.817269981      -2.32619997E-02 -0.993602872     -0.112930678    
  0.810899973      -2.39860006E-02 -0.993720591     -0.111889556    
  0.804390013      -2.47189999E-02 -0.993799686     -0.111185513    
  0.797739983      -2.54629999E-02 -0.993890822     -0.110367633    
  0.790950000      -2.62170006E-02 -0.994009018     -0.109297894    
  0.784020007      -2.69789994E-02 -0.994107664     -0.108396940    
  0.776939988      -2.77510006E-02 -0.994199157     -0.107555203    
  0.769729972      -2.85310000E-02 -0.994301975     -0.106600389    
  0.762380004      -2.93189995E-02 -0.994400144     -0.105680384    
  0.754890025      -3.01150009E-02 -0.994534791     -0.104405768    
  0.747259974      -3.09159998E-02 -0.994609594     -0.103690870    
  0.739499986      -3.17250006E-02 -0.994746327     -0.102370724    
  0.731599987      -3.25380005E-02 -0.994838655     -0.101468690    
  0.723580003      -3.33559997E-02 -0.994940042     -0.100470684    
  0.715430021      -3.41789983E-02 -0.995072901      -9.91466269E-02
  0.707149982      -3.50040011E-02 -0.995176911      -9.80961919E-02
  0.698750019      -3.58319990E-02 -0.995299697      -9.68430489E-02
  0.690230012      -3.66609991E-02 -0.995406926      -9.57342163E-02
  0.681599975      -3.74910012E-02 -0.995521009      -9.45407003E-02
  0.672860026      -3.83209996E-02 -0.995641470      -9.32636410E-02
  0.664009988      -3.91499996E-02 -0.995767474      -9.19083133E-02
  0.655049980      -3.99769992E-02 -0.995880485      -9.06751975E-02
  0.646000028      -4.08009999E-02 -0.996009350      -8.92485455E-02
  0.636860013      -4.16200012E-02 -0.996124327      -8.79566818E-02
  0.627629995      -4.24350016E-02 -0.996263027      -8.63707736E-02
  0.618309975      -4.32429984E-02 -0.996381402      -8.49949419E-02
  0.608919978      -4.40439992E-02 -0.996513724      -8.34293440E-02
  0.599460006      -4.48359996E-02 -0.996641755      -8.18856210E-02
  0.589929998      -4.56189997E-02 -0.996768832      -8.03239644E-02
  0.580349982      -4.63909991E-02 -0.996906638      -7.85944983E-02
  0.570710003      -4.71509993E-02 -0.997041821      -7.68617317E-02
  0.561020017      -4.78979982E-02 -0.997174442      -7.51211494E-02
  0.551289976      -4.86310013E-02 -0.997304976      -7.33673498E-02
  0.541530013      -4.93489988E-02 -0.997446239      -7.14210719E-02
  0.531740010      -5.00500016E-02 -0.997580230      -6.95249587E-02
  0.521939993      -5.07330000E-02 -0.997714937      -6.75644651E-02
  0.512120008      -5.13980016E-02 -0.997854233      -6.54743537E-02
  0.502290010      -5.20429984E-02 -0.997991204      -6.33517504E-02
  0.492460012      -5.26669994E-02 -0.998122394      -6.12506717E-02
  0.482650012      -5.32689989E-02 -0.998262763      -5.89188188E-02
  0.472840011      -5.38479984E-02 -0.998393714      -5.66573218E-02
  0.463059992      -5.44029996E-02 -0.998525798      -5.42790368E-02
  0.453310013      -5.49330004E-02 -0.998658359      -5.17819598E-02
  0.443589985      -5.54369986E-02 -0.998782992      -4.93205339E-02
  0.433910012      -5.59150018E-02 -0.998910010      -4.66775484E-02
  0.424279988      -5.63649982E-02 -0.999033689      -4.39493805E-02
  0.414709985      -5.67860007E-02 -0.999147236      -4.12897132E-02
  0.405200005      -5.71790002E-02 -0.999259055      -3.84897031E-02
  0.395749986      -5.75429983E-02 -0.999369144      -3.55165340E-02
  0.386379987      -5.78759983E-02 -0.999469638      -3.25634107E-02
  0.377079993      -5.81789985E-02 -0.999564230      -2.95205023E-02
  0.367870003      -5.84510006E-02 -0.999653935      -2.63064243E-02
  0.358749986      -5.86909987E-02 -0.999732316      -2.31389124E-02
  0.349720001      -5.88999987E-02 -0.999801338      -1.99290607E-02
  0.340790004      -5.90780005E-02 -0.999864876      -1.64376330E-02
  0.331970006      -5.92230000E-02 -0.999914587      -1.30724143E-02
  0.323249996      -5.93370013E-02 -0.999955595      -9.41807218E-03
  0.314649999      -5.94180003E-02 -0.999982655      -5.88928163E-03
  0.306160003      -5.94680011E-02 -0.999997675      -2.15317751E-03
  0.297800004      -5.94860017E-02 -0.999998748       1.57590909E-03
  0.289550006      -5.94730005E-02 -0.999984622       5.54879429E-03
  0.281439990      -5.94279990E-02 -0.999955952       9.38600954E-03
  0.273449987      -5.93530014E-02 -0.999910772       1.33577604E-02
  0.265590012      -5.92480004E-02 -0.999844909       1.76136866E-02
  0.257869989      -5.91120012E-02 -0.999766052       2.16311608E-02
  0.250290006      -5.89479990E-02 -0.999664605       2.58973315E-02
  0.242840007      -5.87549992E-02 -0.999539137       3.03550065E-02
  0.235530004      -5.85330017E-02 -0.999400735       3.46160792E-02
  0.228369996      -5.82850017E-02 -0.999230146       3.92305478E-02
  0.221340001      -5.80089986E-02 -0.999044359       4.37081493E-02
  0.214460000      -5.77079989E-02 -0.998832285       4.83114682E-02
  0.207719997      -5.73819987E-02 -0.998596847       5.29557243E-02
  0.201120004      -5.70320003E-02 -0.998323143       5.78873679E-02
  0.194670007      -5.66579998E-02 -0.998020411       6.28911778E-02
  0.188370004      -5.62609993E-02 -0.997713029       6.75921664E-02
  0.182200000      -5.58429994E-02 -0.997351706       7.27304295E-02
  0.176180005      -5.54040000E-02 -0.996967077       7.78245702E-02
  0.170300007      -5.49449995E-02 -0.996550560       8.29878896E-02
  0.164560005      -5.44670001E-02 -0.996102273       8.82060304E-02
  0.158969998      -5.39719984E-02 -0.995615125       9.35438946E-02
  0.153510004      -5.34589998E-02 -0.995092630       9.89479199E-02
  0.148190007      -5.29300012E-02 -0.994510710      0.104635268    
  0.143010005      -5.23849986E-02 -0.993905425      0.110236317    
  0.137970001      -5.18260002E-02 -0.993282557      0.115714155    
  0.133059993      -5.12540005E-02 -0.992593944      0.121478885    
  0.128279999      -5.06689996E-02 -0.991858840      0.127342001    
  0.123630002      -5.00719994E-02 -0.991073966      0.133312836    
  0.119110003      -4.94639985E-02 -0.990267336      0.139178202    
  0.114720002      -4.88470010E-02 -0.989307940      0.145841986    
  0.110459998      -4.82189991E-02 -0.988495409      0.151251405    
  0.106310003      -4.75840010E-02 -0.987409890      0.158182383    
  0.102289997      -4.69399989E-02 -0.986421168      0.164235041    
   9.83859971E-02  -4.62899990E-02 -0.985289872      0.170891255    
   9.45980027E-02  -4.56329994E-02 -0.984096289      0.177635863    
   9.09250006E-02  -4.49699983E-02 -0.982906640      0.184104890    
   8.73640031E-02  -4.43030000E-02 -0.981573820      0.191082969    
   8.39120001E-02  -4.36309986E-02 -0.980229557      0.197863445    
   8.05680007E-02  -4.29559983E-02 -0.978713155      0.205232799    
   7.73300007E-02  -4.22770008E-02 -0.977224112      0.212210119    
   7.41939992E-02  -4.15959992E-02 -0.975616753      0.219481155    
   7.11579993E-02  -4.09130007E-02 -0.973863184      0.227135181    
   6.82210028E-02  -4.02280018E-02 -0.972063363      0.234718665    
   6.53799996E-02  -3.95420007E-02 -0.970204771      0.242286727    
   6.26330003E-02  -3.88559997E-02 -0.968225956      0.250076652    
   5.99769987E-02  -3.81699987E-02 -0.966097534      0.258177280    
   5.74100018E-02  -3.74840014E-02 -0.963906467      0.266241282    
   5.49300015E-02  -3.67989987E-02 -0.961554170      0.274615258    
   5.25350012E-02  -3.61149982E-02 -0.959174335      0.282815635    
   5.02219982E-02  -3.54330018E-02 -0.956470907      0.291827649    
   4.79900017E-02  -3.47520001E-02 -0.953823507      0.300367385    
   4.58370000E-02  -3.40740010E-02 -0.950946331      0.309356004    
   4.37589996E-02  -3.33979987E-02 -0.947923362      0.318498492    
   4.17560004E-02  -3.27249989E-02 -0.944747806      0.327798158    
   3.98249999E-02  -3.20550017E-02 -0.941363275      0.337394774    
   3.79640013E-02  -3.13879997E-02 -0.937931836      0.346819729    
   3.61710005E-02  -3.07250004E-02 -0.934041202      0.357165128    
   3.44449989E-02  -3.00650001E-02 -0.930356264      0.366656780    
   3.27830017E-02  -2.94100009E-02 -0.926182270      0.377075940    
   3.11840009E-02  -2.87590008E-02 -0.921759367      0.387762547    
   2.96459999E-02  -2.81119999E-02 -0.917306602      0.398181677    
   2.81670000E-02  -2.74700001E-02 -0.912509322      0.409055948    
   2.67459992E-02  -2.68329997E-02 -0.907570064      0.419900507    
   2.53800005E-02  -2.62010004E-02 -0.902262330      0.431187570    
   2.40679998E-02  -2.55740006E-02 -0.896553099      0.442936391    
   2.28090007E-02  -2.49520000E-02 -0.890560985      0.454863906    
   2.16010008E-02  -2.43350007E-02 -0.884437501      0.466658622    
   2.04429999E-02  -2.37240009E-02 -0.878046691      0.478574902    
   1.93329994E-02  -2.31190007E-02 -0.871400118      0.490573108    
   1.82690006E-02  -2.25200001E-02 -0.864301264      0.502974510    
   1.72499996E-02  -2.19269991E-02 -0.856093705      0.516820550    
   1.62760001E-02  -2.13389993E-02 -0.849274278      0.527951717    
   1.53430002E-02  -2.07589995E-02 -0.840227187      0.542234540    
   1.44520001E-02  -2.01839991E-02 -0.831749916      0.555150449    
   1.36010004E-02  -1.96160004E-02 -0.822738767      0.568419635    
   1.27889998E-02  -1.90549996E-02 -0.813024402      0.582229614    
   1.20139997E-02  -1.85000002E-02 -0.803768396      0.594942272    
   1.12749999E-02  -1.79529991E-02 -0.792498231      0.609874249    
   1.05720004E-02  -1.74119994E-02 -0.782439590      0.622726500    
   9.90230031E-03  -1.68789998E-02 -0.770894647      0.636962712    
   9.26570036E-03  -1.63530000E-02 -0.758831441      0.651287138    
   8.66100006E-03  -1.58340000E-02 -0.747553349      0.664201796    
   8.08699988E-03  -1.53240003E-02 -0.733685791      0.679488957    
   7.54280016E-03  -1.48200002E-02 -0.721370757      0.692548990    
   7.02719996E-03  -1.43250003E-02 -0.707758665      0.706454277    
   6.53930008E-03  -1.38379997E-02 -0.693673611      0.720289469    
   6.07800018E-03  -1.33590000E-02 -0.679672599      0.733515561    
   5.64249977E-03  -1.28889997E-02 -0.663772404      0.747934639    
   5.23159979E-03  -1.24260001E-02 -0.649546444      0.760321915    
   4.84459987E-03  -1.19730001E-02 -0.633455515      0.773779154    
   4.48030001E-03  -1.15280002E-02 -0.617518425      0.786556363    
   4.13799984E-03  -1.10919997E-02 -0.601376772      0.798965573    
   3.81659996E-03  -1.06650004E-02 -0.584738195      0.811222017    
   3.51530011E-03  -1.02469996E-02 -0.567493916      0.823377669    
   3.23319994E-03  -9.83770005E-03 -0.550743163      0.834674776    
   2.96940003E-03  -9.43790004E-03 -0.533381581      0.845874727    
   2.72309990E-03  -9.04729962E-03 -0.516015291      0.856579304    
   2.49339989E-03  -8.66600033E-03 -0.498470902      0.866906464    
   2.27950001E-03  -8.29400029E-03 -0.480934352      0.876756608    
   2.08060001E-03  -7.93140009E-03 -0.463294506      0.886204422    
   1.89590000E-03  -7.57810008E-03 -0.445755512      0.895154715    
   1.72459998E-03  -7.23409979E-03 -0.428214252      0.903677285    
   1.56600005E-03  -6.89940015E-03 -0.410655946      0.911790311    
   1.41939998E-03  -6.57390011E-03 -0.393428147      0.919355333    
   1.28400000E-03  -6.25750003E-03 -0.376377076      0.926466525    
   1.15919998E-03  -5.95030002E-03 -0.359544814      0.933127761    
   1.04430004E-03  -5.65209985E-03 -0.342613965      0.939476311    
   9.38760000E-04  -5.36270021E-03 -0.326265693      0.945278108    
   8.41910020E-04  -5.08210016E-03 -0.310200512      0.950671196    
   7.53190019E-04  -4.81020007E-03 -0.294261724      0.955724895    
   6.72060007E-04  -4.54670005E-03 -0.278840482      0.960337460    
   5.97990002E-04  -4.29160008E-03 -0.263639659      0.964621246    
   5.30509977E-04  -4.04469995E-03 -0.248845533      0.968543172    
   4.69129998E-04  -3.80580011E-03 -0.234351292      0.972151995    
   4.13419999E-04  -3.57470009E-03 -0.220364004      0.975417733    
   3.62949999E-04  -3.35130002E-03 -0.206649810      0.978415012    
   3.17350001E-04  -3.13539989E-03 -0.193267614      0.981146097    
   2.76239996E-04  -2.92670005E-03 -0.180461645      0.983581960    
   2.39269997E-04  -2.72520003E-03 -0.167979449      0.985790491    
   2.06109995E-04  -2.53059994E-03 -0.155765563      0.987794101    
   1.76479996E-04  -2.34270003E-03 -0.144017547      0.989575088    
   1.50079999E-04  -2.16130004E-03 -0.132701650      0.991155982    
   1.26650004E-04  -1.98630011E-03 -0.121705353      0.992566228    
   1.05940002E-04  -1.81739999E-03 -0.111094452      0.993809819    
   8.77299972E-05  -1.65450003E-03 -0.100864232      0.994900167    
   7.18029987E-05  -1.49739999E-03  -9.09677967E-02  0.995853901    
   5.79640000E-05  -1.34590000E-03  -8.13641101E-02  0.996684372    
   4.60289993E-05  -1.19970005E-03  -7.22397342E-02  0.997387290    
   3.58309990E-05  -1.05890003E-03  -6.33335412E-02  0.997992516    
   2.72130001E-05  -9.23099986E-04  -5.47998734E-02  0.998497367    
   2.00300001E-05  -7.92220002E-04  -4.65527140E-02  0.998915792    
   1.41510000E-05  -6.66069973E-04  -3.86343673E-02  0.999253452    
   9.45109969E-06  -5.44510025E-04  -3.09923515E-02  0.999519646    
   5.81860013E-06  -4.27360006E-04  -2.36424003E-02  0.999720454    
   3.14909994E-06  -3.14480014E-04  -1.65681541E-02  0.999862731    
   1.34690004E-06  -2.05720004E-04  -9.76074859E-03  0.999952376    
   3.24120009E-07  -1.00940000E-04  -3.21100000E-03  0.999994874    
   0.00000000       0.00000000       3.21100000E-03  0.999994874    
   3.24120009E-07   1.00940000E-04   9.76074859E-03  0.999952376    
   1.34690004E-06   2.05720004E-04   1.65681541E-02  0.999862731    
   3.14909994E-06   3.14480014E-04   2.36424003E-02  0.999720454    
   5.81860013E-06   4.27360006E-04   3.09923515E-02  0.999519646    
   9.45109969E-06   5.44510025E-04   3.86343673E-02  0.999253452    
   1.41510000E-05   6.66069973E-04   4.65527140E-02  0.998915792    
   2.00300001E-05   7.92220002E-04   5.47998734E-02  0.998497367    
   2.72130001E-05   9.23099986E-04   6.33335412E-02  0.997992516    
   3.58309990E-05   1.05890003E-03   7.22397342E-02  0.997387290    
   4.60289993E-05   1.19970005E-03   8.13641101E-02  0.996684372    
   5.79640000E-05   1.34590000E-03   9.09677967E-02  0.995853901    
   7.18029987E-05   1.49739999E-03  0.100864232      0.994900167    
   8.77299972E-05   1.65450003E-03  0.111094452      0.993809819    
   1.05940002E-04   1.81739999E-03  0.121705353      0.992566228    
   1.26650004E-04   1.98630011E-03  0.132701650      0.991155982    
   1.50079999E-04   2.16130004E-03  0.144017547      0.989575088    
   1.76479996E-04   2.34270003E-03  0.155765563      0.987794101    
   2.06109995E-04   2.53059994E-03  0.167979449      0.985790491    
   2.39269997E-04   2.72520003E-03  0.180461645      0.983581960    
   2.76239996E-04   2.92670005E-03  0.193267614      0.981146097    
   3.17350001E-04   3.13539989E-03  0.206649810      0.978415012    
   3.62949999E-04   3.35130002E-03  0.220364004      0.975417733    
   4.13419999E-04   3.57470009E-03  0.234351292      0.972151995    
   4.69129998E-04   3.80580011E-03  0.248845533      0.968543172    
   5.30509977E-04   4.04469995E-03  0.263639659      0.964621246    
   5.97990002E-04   4.29160008E-03  0.278840482      0.960337460    
   6.72060007E-04   4.54670005E-03  0.294261724      0.955724895    
   7.53190019E-04   4.81020007E-03  0.310200512      0.950671196    
   8.41910020E-04   5.08210016E-03  0.326265693      0.945278108    
   9.38760000E-04   5.36270021E-03  0.342613965      0.939476311    
   1.04430004E-03   5.65209985E-03  0.359544814      0.933127761    
   1.15919998E-03   5.95030002E-03  0.376377076      0.926466525    
   1.28400000E-03   6.25750003E-03  0.393428147      0.919355333    
   1.41939998E-03   6.57390011E-03  0.410655946      0.911790311    
   1.56600005E-03   6.89940015E-03  0.428214252      0.903677285    
   1.72459998E-03   7.23409979E-03  0.445755512      0.895154715    
   1.89590000E-03   7.57810008E-03  0.463294506      0.886204422    
   2.08060001E-03   7.93140009E-03  0.480934352      0.876756608    
   2.27950001E-03   8.29400029E-03  0.498470902      0.866906464    
   2.49339989E-03   8.66600033E-03  0.516015291      0.856579304    
   2.72309990E-03   9.04729962E-03  0.533381581      0.845874727    
   2.96940003E-03   9.43790004E-03  0.550743163      0.834674776    
   3.23319994E-03   9.83770005E-03  0.567493916      0.823377669    
   3.51530011E-03   1.02469996E-02  0.584738195      0.811222017    
   3.81659996E-03   1.06650004E-02  0.601376772      0.798965573    
   4.13799984E-03   1.10919997E-02  0.617518425      0.786556363    
   4.48030001E-03   1.15280002E-02  0.633455515      0.773779154    
   4.84459987E-03   1.19730001E-02  0.649546444      0.760321915    
   5.23159979E-03   1.24260001E-02  0.663772404      0.747934639    
   5.64249977E-03   1.28889997E-02  0.679672599      0.733515561    
   6.07800018E-03   1.33590000E-02  0.693673611      0.720289469    
   6.53930008E-03   1.38379997E-02  0.707758665      0.706454277    
   7.02719996E-03   1.43250003E-02  0.721370757      0.692548990    
   7.54280016E-03   1.48200002E-02  0.733685791      0.679488957    
   8.08699988E-03   1.53240003E-02  0.747553349      0.664201796    
   8.66100006E-03   1.58340000E-02  0.758831441      0.651287138    
   9.26570036E-03   1.63530000E-02  0.770894647      0.636962712    
   9.90230031E-03   1.68789998E-02  0.782439590      0.622726500    
   1.05720004E-02   1.74119994E-02  0.792498231      0.609874249    
   1.12749999E-02   1.79529991E-02  0.803768396      0.594942272    
   1.20139997E-02   1.85000002E-02  0.813024402      0.582229614    
   1.27889998E-02   1.90549996E-02  0.822738767      0.568419635    
   1.36010004E-02   1.96160004E-02  0.831749916      0.555150449    
   1.44520001E-02   2.01839991E-02  0.840227187      0.542234540    
   1.53430002E-02   2.07589995E-02  0.849274278      0.527951717    
   1.62760001E-02   2.13389993E-02  0.856093705      0.516820550    
   1.72499996E-02   2.19269991E-02  0.864301264      0.502974510    
   1.82690006E-02   2.25200001E-02  0.871400118      0.490573108    
   1.93329994E-02   2.31190007E-02  0.878046691      0.478574902    
   2.04429999E-02   2.37240009E-02  0.884437501      0.466658622    
   2.16010008E-02   2.43350007E-02  0.890560985      0.454863906    
   2.28090007E-02   2.49520000E-02  0.896553099      0.442936391    
   2.40679998E-02   2.55740006E-02  0.902262330      0.431187570    
   2.53800005E-02   2.62010004E-02  0.907570064      0.419900507    
   2.67459992E-02   2.68329997E-02  0.912509322      0.409055948    
   2.81670000E-02   2.74700001E-02  0.917306602      0.398181677    
   2.96459999E-02   2.81119999E-02  0.921759367      0.387762547    
   3.11840009E-02   2.87590008E-02  0.926182270      0.377075940    
   3.27830017E-02   2.94100009E-02  0.930356264      0.366656780    
   3.44449989E-02   3.00650001E-02  0.934041202      0.357165128    
   3.61710005E-02   3.07250004E-02  0.937931836      0.346819729    
   3.79640013E-02   3.13879997E-02  0.941363275      0.337394774    
   3.98249999E-02   3.20550017E-02  0.944747806      0.327798158    
   4.17560004E-02   3.27249989E-02  0.947923362      0.318498492    
   4.37589996E-02   3.33979987E-02  0.950946331      0.309356004    
   4.58370000E-02   3.40740010E-02  0.953823507      0.300367385    
   4.79900017E-02   3.47520001E-02  0.956470907      0.291827649    
   5.02219982E-02   3.54330018E-02  0.959174335      0.282815635    
   5.25350012E-02   3.61149982E-02  0.961554170      0.274615258    
   5.49300015E-02   3.67989987E-02  0.963906467      0.266241282    
   5.74100018E-02   3.74840014E-02  0.966097534      0.258177280    
   5.99769987E-02   3.81699987E-02  0.968225956      0.250076652    
   6.26330003E-02   3.88559997E-02  0.970204771      0.242286727    
   6.53799996E-02   3.95420007E-02  0.972063363      0.234718665    
   6.82210028E-02   4.02280018E-02  0.973863184      0.227135181    
   7.11579993E-02   4.09130007E-02  0.975616753      0.219481155    
   7.41939992E-02   4.15959992E-02  0.977224112      0.212210119    
   7.73300007E-02   4.22770008E-02  0.978713155      0.205232799    
   8.05680007E-02   4.29559983E-02  0.980229557      0.197863445    
   8.39120001E-02   4.36309986E-02  0.981573820      0.191082969    
   8.73640031E-02   4.43030000E-02  0.982906640      0.184104890    
   9.09250006E-02   4.49699983E-02  0.984096289      0.177635863    
   9.45980027E-02   4.56329994E-02  0.985289872      0.170891255    
   9.83859971E-02   4.62899990E-02  0.986421168      0.164235041    
  0.102289997       4.69399989E-02  0.987409890      0.158182383    
  0.106310003       4.75840010E-02  0.988495409      0.151251405    
  0.110459998       4.82189991E-02  0.989307940      0.145841986    
  0.114720002       4.88470010E-02  0.990267336      0.139178202    
  0.119110003       4.94639985E-02  0.991073966      0.133312836    
  0.123630002       5.00719994E-02  0.991858840      0.127342001    
  0.128279999       5.06689996E-02  0.992593944      0.121478885    
  0.133059993       5.12540005E-02  0.993282557      0.115714155    
  0.137970001       5.18260002E-02  0.993905425      0.110236317    
  0.143010005       5.23849986E-02  0.994510710      0.104635268    
  0.148190007       5.29300012E-02  0.995092630       9.89479199E-02
  0.153510004       5.34589998E-02  0.995615125       9.35438946E-02
  0.158969998       5.39719984E-02  0.996102273       8.82060304E-02
  0.164560005       5.44670001E-02  0.996550560       8.29878896E-02
  0.170300007       5.49449995E-02  0.996967077       7.78245702E-02
  0.176180005       5.54040000E-02  0.997351706       7.27304295E-02
  0.182200000       5.58429994E-02  0.997713029       6.75921664E-02
  0.188370004       5.62609993E-02  0.998020411       6.28911778E-02
  0.194670007       5.66579998E-02  0.998323143       5.78873679E-02
  0.201120004       5.70320003E-02  0.998596847       5.29557243E-02
  0.207719997       5.73819987E-02  0.998832285       4.83114682E-02
  0.214460000       5.77079989E-02  0.999044359       4.37081493E-02
  0.221340001       5.80089986E-02  0.999230146       3.92305478E-02
  0.228369996       5.82850017E-02  0.999400735       3.46160792E-02
  0.235530004       5.85330017E-02  0.999539137       3.03550065E-02
  0.242840007       5.87549992E-02  0.999664605       2.58973315E-02
  0.250290006       5.89479990E-02  0.999766052       2.16311608E-02
  0.257869989       5.91120012E-02  0.999844909       1.76136866E-02
  0.265590012       5.92480004E-02  0.999910772       1.33577604E-02
  0.273449987       5.93530014E-02  0.999955952       9.38600954E-03
  0.281439990       5.94279990E-02  0.999984622       5.54879429E-03
  0.289550006       5.94730005E-02  0.999998748       1.57590909E-03
  0.297800004       5.94860017E-02  0.999997675      -2.15317751E-03
  0.306160003       5.94680011E-02  0.999982655      -5.88928163E-03
  0.314649999       5.94180003E-02  0.999955595      -9.41807218E-03
  0.323249996       5.93370013E-02  0.999914587      -1.30724143E-02
  0.331970006       5.92230000E-02  0.999864876      -1.64376330E-02
  0.340790004       5.90780005E-02  0.999801338      -1.99290607E-02
  0.349720001       5.88999987E-02  0.999732316      -2.31389124E-02
  0.358749986       5.86909987E-02  0.999653935      -2.63064243E-02
  0.367870003       5.84510006E-02  0.999564230      -2.95205023E-02
  0.377079993       5.81789985E-02  0.999469638      -3.25634107E-02
  0.386379987       5.78759983E-02  0.999369144      -3.55165340E-02
  0.395749986       5.75429983E-02  0.999259055      -3.84897031E-02
  0.405200005       5.71790002E-02  0.999147236      -4.12897132E-02
  0.414709985       5.67860007E-02  0.999033689      -4.39493805E-02
  0.424279988       5.63649982E-02  0.998910010      -4.66775484E-02
  0.433910012       5.59150018E-02  0.998782992      -4.93205339E-02
  0.443589985       5.54369986E-02  0.998658359      -5.17819598E-02
  0.453310013       5.49330004E-02  0.998525798      -5.42790368E-02
  0.463059992       5.44029996E-02  0.998393714      -5.66573218E-02
  0.472840011       5.38479984E-02  0.998262763      -5.89188188E-02
  0.482650012       5.32689989E-02  0.998122394      -6.12506717E-02
  0.492460012       5.26669994E-02  0.997991204      -6.33517504E-02
  0.502290010       5.20429984E-02  0.997854233      -6.54743537E-02
  0.512120008       5.13980016E-02  0.997714937      -6.75644651E-02
  0.521939993       5.07330000E-02  0.997580230      -6.95249587E-02
  0.531740010       5.00500016E-02  0.997446239      -7.14210719E-02
  0.541530013       4.93489988E-02  0.997304976      -7.33673498E-02
  0.551289976       4.86310013E-02  0.997174442      -7.51211494E-02
  0.561020017       4.78979982E-02  0.997041821      -7.68617317E-02
  0.570710003       4.71509993E-02  0.996906638      -7.85944983E-02
  0.580349982       4.63909991E-02  0.996768832      -8.03239644E-02
  0.589929998       4.56189997E-02  0.996641755      -8.18856210E-02
  0.599460006       4.48359996E-02  0.996513724      -8.34293440E-02
  0.608919978       4.40439992E-02  0.996381402      -8.49949419E-02
  0.618309975       4.32429984E-02  0.996263027      -8.63707736E-02
  0.627629995       4.24350016E-02  0.996124327      -8.79566818E-02
  0.636860013       4.16200012E-02  0.996009350      -8.92485455E-02
  0.646000028       4.08009999E-02  0.995880485      -9.06751975E-02
  0.655049980       3.99769992E-02  0.995767474      -9.19083133E-02
  0.664009988       3.91499996E-02  0.995641470      -9.32636410E-02
  0.672860026       3.83209996E-02  0.995521009      -9.45407003E-02
  0.681599975       3.74910012E-02  0.995406926      -9.57342163E-02
  0.690230012       3.66609991E-02  0.995299697      -9.68430489E-02
  0.698750019       3.58319990E-02  0.995176911      -9.80961919E-02
  0.707149982       3.50040011E-02  0.995072901      -9.91466269E-02
  0.715430021       3.41789983E-02  0.994940042     -0.100470684    
  0.723580003       3.33559997E-02  0.994838655     -0.101468690    
  0.731599987       3.25380005E-02  0.994746327     -0.102370724    
  0.739499986       3.17250006E-02  0.994609594     -0.103690870    
  0.747259974       3.09159998E-02  0.994534791     -0.104405768    
  0.754890025       3.01150009E-02  0.994400144     -0.105680384    
  0.762380004       2.93189995E-02  0.994301975     -0.106600389    
  0.769729972       2.85310000E-02  0.994199157     -0.107555203    
  0.776939988       2.77510006E-02  0.994107664     -0.108396940    
  0.784020007       2.69789994E-02  0.994009018     -0.109297894    
  0.790950000       2.62170006E-02  0.993890822     -0.110367633    
  0.797739983       2.54629999E-02  0.993799686     -0.111185513    
  0.804390013       2.47189999E-02  0.993720591     -0.111889556    
  0.810899973       2.39860006E-02  0.993602872     -0.112930678    
  0.817269981       2.32619997E-02  0.993512154     -0.113725983    
  0.823490024       2.25499999E-02  0.993418932     -0.114537656    
  0.829569995       2.18490008E-02  0.993320823     -0.115385383    
  0.835510015       2.11590007E-02  0.993240118     -0.116078407    
  0.841319978       2.04799995E-02  0.993127763     -0.117034756    
  0.846979976       1.98129993E-02  0.993054628     -0.117654212    
  0.852500021       1.91590004E-02  0.992959440     -0.118455343    
  0.857890010       1.85160004E-02  0.992903590     -0.118922241    
  0.863150001       1.78859998E-02  0.992793977     -0.119833738    
  0.868269980       1.72680002E-02  0.992677450     -0.120795101    
  0.873250008       1.66619997E-02  0.992637992     -0.121118404    
  0.878109992       1.60690006E-02  0.992540300     -0.121917233    
  0.882839978       1.54879997E-02  0.992462814     -0.122546226    
  0.887440026       1.49200000E-02  0.992352784     -0.123433754    
  0.891910017       1.43640004E-02  0.992298961     -0.123866141    
  0.896260023       1.38210002E-02  0.992248952     -0.124265850    
  0.900500000       1.32900001E-02  0.992151022     -0.125045419    
  0.904609978       1.27720004E-02  0.992023230     -0.126054466    
  0.908599973       1.22649996E-02  0.992032886     -0.125979200    
  0.912490010       1.17710000E-02  0.991958916     -0.126560524    
  0.916260004       1.12899998E-02  0.991811275     -0.127712175    
  0.919910014       1.08200004E-02  0.991825759     -0.127599880    
  0.923470020       1.03620002E-02  0.991684914     -0.128689975    
  0.926909983       9.91559960E-03  0.991640508     -0.129031748    
  0.930249989       9.48099978E-03  0.991632283     -0.129095107    
  0.933499992       9.05789994E-03  0.991505742     -0.130062670    
  0.936640024       8.64600018E-03  0.991479933     -0.130259201    
  0.939689994       8.24529957E-03  0.991382837     -0.130996227    
  0.942640007       7.85550009E-03  0.991333544     -0.131368697    
  0.945500016       7.47649977E-03  0.991266966     -0.131870270    
  0.948270023       7.10800011E-03  0.991259813     -0.131924361    
  0.950959980       6.75000018E-03  0.991171300     -0.132587537    
  0.953559995       6.40220009E-03  0.991135061     -0.132857993    
  0.956080019       6.06440008E-03  0.991085231     -0.133229241    
  0.958519995       5.73639991E-03  0.990945995     -0.134260833    
  0.960870028       5.41799981E-03  0.991018414     -0.133725345    
  0.963159978       5.10900002E-03  0.990923941     -0.134423688    
  0.965369999       4.80919983E-03  0.990808427     -0.135272667    
  0.967499971       4.51839995E-03  0.990854144     -0.134937510    
  0.969569981       4.23649978E-03  0.990785778     -0.135438114    
  0.971570015       3.96309979E-03  0.990704775     -0.136029363    
  0.973500013       3.69810010E-03  0.990701854     -0.136051074    
  0.975369990       3.44130001E-03  0.990684509     -0.136177018    
  0.977180004       3.19249998E-03  0.990535975     -0.137253568    
  0.978919983       2.95139989E-03  0.990597904     -0.136805534    
  0.980610013       2.71799997E-03  0.990524590     -0.137335762    
  0.982240021       2.49200012E-03  0.990419388     -0.138092250    
  0.983810008       2.27309996E-03  0.990553856     -0.137124464    
  0.985339999       2.06129998E-03  0.990415990     -0.138116434    
  0.986810029       1.85630005E-03  0.990379453     -0.138377905    
  0.988229990       1.65790005E-03  0.990332007     -0.138717517    
  0.989600003       1.46599999E-03  0.990248919     -0.139309555    
  0.990920007       1.28029997E-03  0.990299404     -0.138950303    
  0.992200017       1.10070000E-03  0.990335643     -0.138691887    
  0.993439972       9.27050016E-04  0.990190506     -0.139724255    
  0.994629979       7.59129995E-04  0.990182877     -0.139777929    
  0.995779991       5.96789992E-04  0.990153670     -0.139984116    
  0.996890008       4.39860014E-04  0.990280807     -0.139082476    
  0.997969985       2.88179988E-04  0.990024328     -0.140896812    
  0.999000013       1.41590004E-04  0.990131438     -0.140141532    
