         512
   1.00000000       5.35220011E-08   0.00000000    
  0.999000013      -1.41590004E-04   0.00000000    
  0.997969985      -2.88179988E-04   0.00000000    
  0.996890008      -4.39860014E-04   0.00000000    
  0.995779991      -5.96789992E-04   0.00000000    
  0.994629979      -7.59129995E-04   0.00000000    
  0.993439972      -9.27050016E-04   0.00000000    
  0.992200017      -1.10070000E-03   0.00000000    
  0.990920007      -1.28029997E-03   0.00000000    
  0.989600003      -1.46599999E-03   0.00000000    
  0.988229990      -1.65790005E-03   0.00000000    
  0.986810029      -1.85630005E-03   0.00000000    
  0.985339999      -2.06129998E-03   0.00000000    
  0.983810008      -2.27309996E-03   0.00000000    
  0.982240021      -2.49200012E-03   0.00000000    
  0.980610013      -2.71799997E-03   0.00000000    
  0.978919983      -2.95139989E-03   0.00000000    
  0.977180004      -3.19249998E-03   0.00000000    
  0.975369990      -3.44130001E-03   0.00000000    
  0.973500013      -3.69810010E-03   0.00000000    
  0.971570015      -3.96309979E-03   0.00000000    
  0.969569981      -4.23649978E-03   0.00000000    
  0.967499971      -4.51839995E-03   0.00000000    
  0.965369999      -4.80919983E-03   0.00000000    
  0.963159978      -5.10900002E-03   0.00000000    
  0.960870028      -5.41799981E-03   0.00000000    
  0.958519995      -5.73639991E-03   0.00000000    
  0.956080019      -6.06440008E-03   0.00000000    
  0.953559995      -6.40220009E-03   0.00000000    
  0.950959980      -6.75000018E-03   0.00000000    
  0.948270023      -7.10800011E-03   0.00000000    
  0.945500016      -7.47649977E-03   0.00000000    
  0.942640007      -7.85550009E-03   0.00000000    
  0.939689994      -8.24529957E-03   0.00000000    
  0.936640024      -8.64600018E-03   0.00000000    
  0.933499992      -9.05789994E-03   0.00000000    
  0.930249989      -9.48099978E-03   0.00000000    
  0.926909983      -9.91559960E-03   0.00000000    
  0.923470020      -1.03620002E-02   0.00000000    
  0.919910014      -1.08200004E-02   0.00000000    
  0.916260004      -1.12899998E-02   0.00000000    
  0.912490010      -1.17710000E-02   0.00000000    
  0.908599973      -1.22649996E-02   0.00000000    
  0.904609978      -1.27720004E-02   0.00000000    
  0.900500000      -1.32900001E-02   0.00000000    
  0.896260023      -1.38210002E-02   0.00000000    
  0.891910017      -1.43640004E-02   0.00000000    
  0.887440026      -1.49200000E-02   0.00000000    
  0.882839978      -1.54879997E-02   0.00000000    
  0.878109992      -1.60690006E-02   0.00000000    
  0.873250008      -1.66619997E-02   0.00000000    
  0.868269980      -1.72680002E-02   0.00000000    
  0.863150001      -1.78859998E-02   0.00000000    
  0.857890010      -1.85160004E-02   0.00000000    
  0.852500021      -1.91590004E-02   0.00000000    
  0.846979976      -1.98129993E-02   0.00000000    
  0.841319978      -2.04799995E-02   0.00000000    
  0.835510015      -2.11590007E-02   0.00000000    
  0.829569995      -2.18490008E-02   0.00000000    
  0.823490024      -2.25499999E-02   0.00000000    
  0.817269981      -2.32619997E-02   0.00000000    
  0.810899973      -2.39860006E-02   0.00000000    
  0.804390013      -2.47189999E-02   0.00000000    
  0.797739983      -2.54629999E-02   0.00000000    
  0.790950000      -2.62170006E-02   0.00000000    
  0.784020007      -2.69789994E-02   0.00000000    
  0.776939988      -2.77510006E-02   0.00000000    
  0.769729972      -2.85310000E-02   0.00000000    
  0.762380004      -2.93189995E-02   0.00000000    
  0.754890025      -3.01150009E-02   0.00000000    
  0.747259974      -3.09159998E-02   0.00000000    
  0.739499986      -3.17250006E-02   0.00000000    
  0.731599987      -3.25380005E-02   0.00000000    
  0.723580003      -3.33559997E-02   0.00000000    
  0.715430021      -3.41789983E-02   0.00000000    
  0.707149982      -3.50040011E-02   0.00000000    
  0.698750019      -3.58319990E-02   0.00000000    
  0.690230012      -3.66609991E-02   0.00000000    
  0.681599975      -3.74910012E-02   0.00000000    
  0.672860026      -3.83209996E-02   0.00000000    
  0.664009988      -3.91499996E-02   0.00000000    
  0.655049980      -3.99769992E-02   0.00000000    
  0.646000028      -4.08009999E-02   0.00000000    
  0.636860013      -4.16200012E-02   0.00000000    
  0.627629995      -4.24350016E-02   0.00000000    
  0.618309975      -4.32429984E-02   0.00000000    
  0.608919978      -4.40439992E-02   0.00000000    
  0.599460006      -4.48359996E-02   0.00000000    
  0.589929998      -4.56189997E-02   0.00000000    
  0.580349982      -4.63909991E-02   0.00000000    
  0.570710003      -4.71509993E-02   0.00000000    
  0.561020017      -4.78979982E-02   0.00000000    
  0.551289976      -4.86310013E-02   0.00000000    
  0.541530013      -4.93489988E-02   0.00000000    
  0.531740010      -5.00500016E-02   0.00000000    
  0.521939993      -5.07330000E-02   0.00000000    
  0.512120008      -5.13980016E-02   0.00000000    
  0.502290010      -5.20429984E-02   0.00000000    
  0.492460012      -5.26669994E-02   0.00000000    
  0.482650012      -5.32689989E-02   0.00000000    
  0.472840011      -5.38479984E-02   0.00000000    
  0.463059992      -5.44029996E-02   0.00000000    
  0.453310013      -5.49330004E-02   0.00000000    
  0.443589985      -5.54369986E-02   0.00000000    
  0.433910012      -5.59150018E-02   0.00000000    
  0.424279988      -5.63649982E-02   0.00000000    
  0.414709985      -5.67860007E-02   0.00000000    
  0.405200005      -5.71790002E-02   0.00000000    
  0.395749986      -5.75429983E-02   0.00000000    
  0.386379987      -5.78759983E-02   0.00000000    
  0.377079993      -5.81789985E-02   0.00000000    
  0.367870003      -5.84510006E-02   0.00000000    
  0.358749986      -5.86909987E-02   0.00000000    
  0.349720001      -5.88999987E-02   0.00000000    
  0.340790004      -5.90780005E-02   0.00000000    
  0.331970006      -5.92230000E-02   0.00000000    
  0.323249996      -5.93370013E-02   0.00000000    
  0.314649999      -5.94180003E-02   0.00000000    
  0.306160003      -5.94680011E-02   0.00000000    
  0.297800004      -5.94860017E-02   0.00000000    
  0.289550006      -5.94730005E-02   0.00000000    
  0.281439990      -5.94279990E-02   0.00000000    
  0.273449987      -5.93530014E-02   0.00000000    
  0.265590012      -5.92480004E-02   0.00000000    
  0.257869989      -5.91120012E-02   0.00000000    
  0.250290006      -5.89479990E-02   0.00000000    
  0.242840007      -5.87549992E-02   0.00000000    
  0.235530004      -5.85330017E-02   0.00000000    
  0.228369996      -5.82850017E-02   0.00000000    
  0.221340001      -5.80089986E-02   0.00000000    
  0.214460000      -5.77079989E-02   0.00000000    
  0.207719997      -5.73819987E-02   0.00000000    
  0.201120004      -5.70320003E-02   0.00000000    
  0.194670007      -5.66579998E-02   0.00000000    
  0.188370004      -5.62609993E-02   0.00000000    
  0.182200000      -5.58429994E-02   0.00000000    
  0.176180005      -5.54040000E-02   0.00000000    
  0.170300007      -5.49449995E-02   0.00000000    
  0.164560005      -5.44670001E-02   0.00000000    
  0.158969998      -5.39719984E-02   0.00000000    
  0.153510004      -5.34589998E-02   0.00000000    
  0.148190007      -5.29300012E-02   0.00000000    
  0.143010005      -5.23849986E-02   0.00000000    
  0.137970001      -5.18260002E-02   0.00000000    
  0.133059993      -5.12540005E-02   0.00000000    
  0.128279999      -5.06689996E-02   0.00000000    
  0.123630002      -5.00719994E-02   0.00000000    
  0.119110003      -4.94639985E-02   0.00000000    
  0.114720002      -4.88470010E-02   0.00000000    
  0.110459998      -4.82189991E-02   0.00000000    
  0.106310003      -4.75840010E-02   0.00000000    
  0.102289997      -4.69399989E-02   0.00000000    
   9.83859971E-02  -4.62899990E-02   0.00000000    
   9.45980027E-02  -4.56329994E-02   0.00000000    
   9.09250006E-02  -4.49699983E-02   0.00000000    
   8.73640031E-02  -4.43030000E-02   0.00000000    
   8.39120001E-02  -4.36309986E-02   0.00000000    
   8.05680007E-02  -4.29559983E-02   0.00000000    
   7.73300007E-02  -4.22770008E-02   0.00000000    
   7.41939992E-02  -4.15959992E-02   0.00000000    
   7.11579993E-02  -4.09130007E-02   0.00000000    
   6.82210028E-02  -4.02280018E-02   0.00000000    
   6.53799996E-02  -3.95420007E-02   0.00000000    
   6.26330003E-02  -3.88559997E-02   0.00000000    
   5.99769987E-02  -3.81699987E-02   0.00000000    
   5.74100018E-02  -3.74840014E-02   0.00000000    
   5.49300015E-02  -3.67989987E-02   0.00000000    
   5.25350012E-02  -3.61149982E-02   0.00000000    
   5.02219982E-02  -3.54330018E-02   0.00000000    
   4.79900017E-02  -3.47520001E-02   0.00000000    
   4.58370000E-02  -3.40740010E-02   0.00000000    
   4.37589996E-02  -3.33979987E-02   0.00000000    
   4.17560004E-02  -3.27249989E-02   0.00000000    
   3.98249999E-02  -3.20550017E-02   0.00000000    
   3.79640013E-02  -3.13879997E-02   0.00000000    
   3.61710005E-02  -3.07250004E-02   0.00000000    
   3.44449989E-02  -3.00650001E-02   0.00000000    
   3.27830017E-02  -2.94100009E-02   0.00000000    
   3.11840009E-02  -2.87590008E-02   0.00000000    
   2.96459999E-02  -2.81119999E-02   0.00000000    
   2.81670000E-02  -2.74700001E-02   0.00000000    
   2.67459992E-02  -2.68329997E-02   0.00000000    
   2.53800005E-02  -2.62010004E-02   0.00000000    
   2.40679998E-02  -2.55740006E-02   0.00000000    
   2.28090007E-02  -2.49520000E-02   0.00000000    
   2.16010008E-02  -2.43350007E-02   0.00000000    
   2.04429999E-02  -2.37240009E-02   0.00000000    
   1.93329994E-02  -2.31190007E-02   0.00000000    
   1.82690006E-02  -2.25200001E-02   0.00000000    
   1.72499996E-02  -2.19269991E-02   0.00000000    
   1.62760001E-02  -2.13389993E-02   0.00000000    
   1.53430002E-02  -2.07589995E-02   0.00000000    
   1.44520001E-02  -2.01839991E-02   0.00000000    
   1.36010004E-02  -1.96160004E-02   0.00000000    
   1.27889998E-02  -1.90549996E-02   0.00000000    
   1.20139997E-02  -1.85000002E-02   0.00000000    
   1.12749999E-02  -1.79529991E-02   0.00000000    
   1.05720004E-02  -1.74119994E-02   0.00000000    
   9.90230031E-03  -1.68789998E-02   0.00000000    
   9.26570036E-03  -1.63530000E-02   0.00000000    
   8.66100006E-03  -1.58340000E-02   0.00000000    
   8.08699988E-03  -1.53240003E-02   0.00000000    
   7.54280016E-03  -1.48200002E-02   0.00000000    
   7.02719996E-03  -1.43250003E-02   0.00000000    
   6.53930008E-03  -1.38379997E-02   0.00000000    
   6.07800018E-03  -1.33590000E-02   0.00000000    
   5.64249977E-03  -1.28889997E-02   0.00000000    
   5.23159979E-03  -1.24260001E-02   0.00000000    
   4.84459987E-03  -1.19730001E-02   0.00000000    
   4.48030001E-03  -1.15280002E-02   0.00000000    
   4.13799984E-03  -1.10919997E-02   0.00000000    
   3.81659996E-03  -1.06650004E-02   0.00000000    
   3.51530011E-03  -1.02469996E-02   0.00000000    
   3.23319994E-03  -9.83770005E-03   0.00000000    
   2.96940003E-03  -9.43790004E-03   0.00000000    
   2.72309990E-03  -9.04729962E-03   0.00000000    
   2.49339989E-03  -8.66600033E-03   0.00000000    
   2.27950001E-03  -8.29400029E-03   0.00000000    
   2.08060001E-03  -7.93140009E-03   0.00000000    
   1.89590000E-03  -7.57810008E-03   0.00000000    
   1.72459998E-03  -7.23409979E-03   0.00000000    
   1.56600005E-03  -6.89940015E-03   0.00000000    
   1.41939998E-03  -6.57390011E-03   0.00000000    
   1.28400000E-03  -6.25750003E-03   0.00000000    
   1.15919998E-03  -5.95030002E-03   0.00000000    
   1.04430004E-03  -5.65209985E-03   0.00000000    
   9.38760000E-04  -5.36270021E-03   0.00000000    
   8.41910020E-04  -5.08210016E-03   0.00000000    
   7.53190019E-04  -4.81020007E-03   0.00000000    
   6.72060007E-04  -4.54670005E-03   0.00000000    
   5.97990002E-04  -4.29160008E-03   0.00000000    
   5.30509977E-04  -4.04469995E-03   0.00000000    
   4.69129998E-04  -3.80580011E-03   0.00000000    
   4.13419999E-04  -3.57470009E-03   0.00000000    
   3.62949999E-04  -3.35130002E-03   0.00000000    
   3.17350001E-04  -3.13539989E-03   0.00000000    
   2.76239996E-04  -2.92670005E-03   0.00000000    
   2.39269997E-04  -2.72520003E-03   0.00000000    
   2.06109995E-04  -2.53059994E-03   0.00000000    
   1.76479996E-04  -2.34270003E-03   0.00000000    
   1.50079999E-04  -2.16130004E-03   0.00000000    
   1.26650004E-04  -1.98630011E-03   0.00000000    
   1.05940002E-04  -1.81739999E-03   0.00000000    
   8.77299972E-05  -1.65450003E-03   0.00000000    
   7.18029987E-05  -1.49739999E-03   0.00000000    
   5.79640000E-05  -1.34590000E-03   0.00000000    
   4.60289993E-05  -1.19970005E-03   0.00000000    
   3.58309990E-05  -1.05890003E-03   0.00000000    
   2.72130001E-05  -9.23099986E-04   0.00000000    
   2.00300001E-05  -7.92220002E-04   0.00000000    
   1.41510000E-05  -6.66069973E-04   0.00000000    
   9.45109969E-06  -5.44510025E-04   0.00000000    
   5.81860013E-06  -4.27360006E-04   0.00000000    
   3.14909994E-06  -3.14480014E-04   0.00000000    
   1.34690004E-06  -2.05720004E-04   0.00000000    
   3.24120009E-07  -1.00940000E-04   0.00000000    
   0.00000000       0.00000000       0.00000000    
   3.24120009E-07   1.00940000E-04   0.00000000    
   1.34690004E-06   2.05720004E-04   0.00000000    
   3.14909994E-06   3.14480014E-04   0.00000000    
   5.81860013E-06   4.27360006E-04   0.00000000    
   9.45109969E-06   5.44510025E-04   0.00000000    
   1.41510000E-05   6.66069973E-04   0.00000000    
   2.00300001E-05   7.92220002E-04   0.00000000    
   2.72130001E-05   9.23099986E-04   0.00000000    
   3.58309990E-05   1.05890003E-03   0.00000000    
   4.60289993E-05   1.19970005E-03   0.00000000    
   5.79640000E-05   1.34590000E-03   0.00000000    
   7.18029987E-05   1.49739999E-03   0.00000000    
   8.77299972E-05   1.65450003E-03   0.00000000    
   1.05940002E-04   1.81739999E-03   0.00000000    
   1.26650004E-04   1.98630011E-03   0.00000000    
   1.50079999E-04   2.16130004E-03   0.00000000    
   1.76479996E-04   2.34270003E-03   0.00000000    
   2.06109995E-04   2.53059994E-03   0.00000000    
   2.39269997E-04   2.72520003E-03   0.00000000    
   2.76239996E-04   2.92670005E-03   0.00000000    
   3.17350001E-04   3.13539989E-03   0.00000000    
   3.62949999E-04   3.35130002E-03   0.00000000    
   4.13419999E-04   3.57470009E-03   0.00000000    
   4.69129998E-04   3.80580011E-03   0.00000000    
   5.30509977E-04   4.04469995E-03   0.00000000    
   5.97990002E-04   4.29160008E-03   0.00000000    
   6.72060007E-04   4.54670005E-03   0.00000000    
   7.53190019E-04   4.81020007E-03   0.00000000    
   8.41910020E-04   5.08210016E-03   0.00000000    
   9.38760000E-04   5.36270021E-03   0.00000000    
   1.04430004E-03   5.65209985E-03   0.00000000    
   1.15919998E-03   5.95030002E-03   0.00000000    
   1.28400000E-03   6.25750003E-03   0.00000000    
   1.41939998E-03   6.57390011E-03   0.00000000    
   1.56600005E-03   6.89940015E-03   0.00000000    
   1.72459998E-03   7.23409979E-03   0.00000000    
   1.89590000E-03   7.57810008E-03   0.00000000    
   2.08060001E-03   7.93140009E-03   0.00000000    
   2.27950001E-03   8.29400029E-03   0.00000000    
   2.49339989E-03   8.66600033E-03   0.00000000    
   2.72309990E-03   9.04729962E-03   0.00000000    
   2.96940003E-03   9.43790004E-03   0.00000000    
   3.23319994E-03   9.83770005E-03   0.00000000    
   3.51530011E-03   1.02469996E-02   0.00000000    
   3.81659996E-03   1.06650004E-02   0.00000000    
   4.13799984E-03   1.10919997E-02   0.00000000    
   4.48030001E-03   1.15280002E-02   0.00000000    
   4.84459987E-03   1.19730001E-02   0.00000000    
   5.23159979E-03   1.24260001E-02   0.00000000    
   5.64249977E-03   1.28889997E-02   0.00000000    
   6.07800018E-03   1.33590000E-02   0.00000000    
   6.53930008E-03   1.38379997E-02   0.00000000    
   7.02719996E-03   1.43250003E-02   0.00000000    
   7.54280016E-03   1.48200002E-02   0.00000000    
   8.08699988E-03   1.53240003E-02   0.00000000    
   8.66100006E-03   1.58340000E-02   0.00000000    
   9.26570036E-03   1.63530000E-02   0.00000000    
   9.90230031E-03   1.68789998E-02   0.00000000    
   1.05720004E-02   1.74119994E-02   0.00000000    
   1.12749999E-02   1.79529991E-02   0.00000000    
   1.20139997E-02   1.85000002E-02   0.00000000    
   1.27889998E-02   1.90549996E-02   0.00000000    
   1.36010004E-02   1.96160004E-02   0.00000000    
   1.44520001E-02   2.01839991E-02   0.00000000    
   1.53430002E-02   2.07589995E-02   0.00000000    
   1.62760001E-02   2.13389993E-02   0.00000000    
   1.72499996E-02   2.19269991E-02   0.00000000    
   1.82690006E-02   2.25200001E-02   0.00000000    
   1.93329994E-02   2.31190007E-02   0.00000000    
   2.04429999E-02   2.37240009E-02   0.00000000    
   2.16010008E-02   2.43350007E-02   0.00000000    
   2.28090007E-02   2.49520000E-02   0.00000000    
   2.40679998E-02   2.55740006E-02   0.00000000    
   2.53800005E-02   2.62010004E-02   0.00000000    
   2.67459992E-02   2.68329997E-02   0.00000000    
   2.81670000E-02   2.74700001E-02   0.00000000    
   2.96459999E-02   2.81119999E-02   0.00000000    
   3.11840009E-02   2.87590008E-02   0.00000000    
   3.27830017E-02   2.94100009E-02   0.00000000    
   3.44449989E-02   3.00650001E-02   0.00000000    
   3.61710005E-02   3.07250004E-02   0.00000000    
   3.79640013E-02   3.13879997E-02   0.00000000    
   3.98249999E-02   3.20550017E-02   0.00000000    
   4.17560004E-02   3.27249989E-02   0.00000000    
   4.37589996E-02   3.33979987E-02   0.00000000    
   4.58370000E-02   3.40740010E-02   0.00000000    
   4.79900017E-02   3.47520001E-02   0.00000000    
   5.02219982E-02   3.54330018E-02   0.00000000    
   5.25350012E-02   3.61149982E-02   0.00000000    
   5.49300015E-02   3.67989987E-02   0.00000000    
   5.74100018E-02   3.74840014E-02   0.00000000    
   5.99769987E-02   3.81699987E-02   0.00000000    
   6.26330003E-02   3.88559997E-02   0.00000000    
   6.53799996E-02   3.95420007E-02   0.00000000    
   6.82210028E-02   4.02280018E-02   0.00000000    
   7.11579993E-02   4.09130007E-02   0.00000000    
   7.41939992E-02   4.15959992E-02   0.00000000    
   7.73300007E-02   4.22770008E-02   0.00000000    
   8.05680007E-02   4.29559983E-02   0.00000000    
   8.39120001E-02   4.36309986E-02   0.00000000    
   8.73640031E-02   4.43030000E-02   0.00000000    
   9.09250006E-02   4.49699983E-02   0.00000000    
   9.45980027E-02   4.56329994E-02   0.00000000    
   9.83859971E-02   4.62899990E-02   0.00000000    
  0.102289997       4.69399989E-02   0.00000000    
  0.106310003       4.75840010E-02   0.00000000    
  0.110459998       4.82189991E-02   0.00000000    
  0.114720002       4.88470010E-02   0.00000000    
  0.119110003       4.94639985E-02   0.00000000    
  0.123630002       5.00719994E-02   0.00000000    
  0.128279999       5.06689996E-02   0.00000000    
  0.133059993       5.12540005E-02   0.00000000    
  0.137970001       5.18260002E-02   0.00000000    
  0.143010005       5.23849986E-02   0.00000000    
  0.148190007       5.29300012E-02   0.00000000    
  0.153510004       5.34589998E-02   0.00000000    
  0.158969998       5.39719984E-02   0.00000000    
  0.164560005       5.44670001E-02   0.00000000    
  0.170300007       5.49449995E-02   0.00000000    
  0.176180005       5.54040000E-02   0.00000000    
  0.182200000       5.58429994E-02   0.00000000    
  0.188370004       5.62609993E-02   0.00000000    
  0.194670007       5.66579998E-02   0.00000000    
  0.201120004       5.70320003E-02   0.00000000    
  0.207719997       5.73819987E-02   0.00000000    
  0.214460000       5.77079989E-02   0.00000000    
  0.221340001       5.80089986E-02   0.00000000    
  0.228369996       5.82850017E-02   0.00000000    
  0.235530004       5.85330017E-02   0.00000000    
  0.242840007       5.87549992E-02   0.00000000    
  0.250290006       5.89479990E-02   0.00000000    
  0.257869989       5.91120012E-02   0.00000000    
  0.265590012       5.92480004E-02   0.00000000    
  0.273449987       5.93530014E-02   0.00000000    
  0.281439990       5.94279990E-02   0.00000000    
  0.289550006       5.94730005E-02   0.00000000    
  0.297800004       5.94860017E-02   0.00000000    
  0.306160003       5.94680011E-02   0.00000000    
  0.314649999       5.94180003E-02   0.00000000    
  0.323249996       5.93370013E-02   0.00000000    
  0.331970006       5.92230000E-02   0.00000000    
  0.340790004       5.90780005E-02   0.00000000    
  0.349720001       5.88999987E-02   0.00000000    
  0.358749986       5.86909987E-02   0.00000000    
  0.367870003       5.84510006E-02   0.00000000    
  0.377079993       5.81789985E-02   0.00000000    
  0.386379987       5.78759983E-02   0.00000000    
  0.395749986       5.75429983E-02   0.00000000    
  0.405200005       5.71790002E-02   0.00000000    
  0.414709985       5.67860007E-02   0.00000000    
  0.424279988       5.63649982E-02   0.00000000    
  0.433910012       5.59150018E-02   0.00000000    
  0.443589985       5.54369986E-02   0.00000000    
  0.453310013       5.49330004E-02   0.00000000    
  0.463059992       5.44029996E-02   0.00000000    
  0.472840011       5.38479984E-02   0.00000000    
  0.482650012       5.32689989E-02   0.00000000    
  0.492460012       5.26669994E-02   0.00000000    
  0.502290010       5.20429984E-02   0.00000000    
  0.512120008       5.13980016E-02   0.00000000    
  0.521939993       5.07330000E-02   0.00000000    
  0.531740010       5.00500016E-02   0.00000000    
  0.541530013       4.93489988E-02   0.00000000    
  0.551289976       4.86310013E-02   0.00000000    
  0.561020017       4.78979982E-02   0.00000000    
  0.570710003       4.71509993E-02   0.00000000    
  0.580349982       4.63909991E-02   0.00000000    
  0.589929998       4.56189997E-02   0.00000000    
  0.599460006       4.48359996E-02   0.00000000    
  0.608919978       4.40439992E-02   0.00000000    
  0.618309975       4.32429984E-02   0.00000000    
  0.627629995       4.24350016E-02   0.00000000    
  0.636860013       4.16200012E-02   0.00000000    
  0.646000028       4.08009999E-02   0.00000000    
  0.655049980       3.99769992E-02   0.00000000    
  0.664009988       3.91499996E-02   0.00000000    
  0.672860026       3.83209996E-02   0.00000000    
  0.681599975       3.74910012E-02   0.00000000    
  0.690230012       3.66609991E-02   0.00000000    
  0.698750019       3.58319990E-02   0.00000000    
  0.707149982       3.50040011E-02   0.00000000    
  0.715430021       3.41789983E-02   0.00000000    
  0.723580003       3.33559997E-02   0.00000000    
  0.731599987       3.25380005E-02   0.00000000    
  0.739499986       3.17250006E-02   0.00000000    
  0.747259974       3.09159998E-02   0.00000000    
  0.754890025       3.01150009E-02   0.00000000    
  0.762380004       2.93189995E-02   0.00000000    
  0.769729972       2.85310000E-02   0.00000000    
  0.776939988       2.77510006E-02   0.00000000    
  0.784020007       2.69789994E-02   0.00000000    
  0.790950000       2.62170006E-02   0.00000000    
  0.797739983       2.54629999E-02   0.00000000    
  0.804390013       2.47189999E-02   0.00000000    
  0.810899973       2.39860006E-02   0.00000000    
  0.817269981       2.32619997E-02   0.00000000    
  0.823490024       2.25499999E-02   0.00000000    
  0.829569995       2.18490008E-02   0.00000000    
  0.835510015       2.11590007E-02   0.00000000    
  0.841319978       2.04799995E-02   0.00000000    
  0.846979976       1.98129993E-02   0.00000000    
  0.852500021       1.91590004E-02   0.00000000    
  0.857890010       1.85160004E-02   0.00000000    
  0.863150001       1.78859998E-02   0.00000000    
  0.868269980       1.72680002E-02   0.00000000    
  0.873250008       1.66619997E-02   0.00000000    
  0.878109992       1.60690006E-02   0.00000000    
  0.882839978       1.54879997E-02   0.00000000    
  0.887440026       1.49200000E-02   0.00000000    
  0.891910017       1.43640004E-02   0.00000000    
  0.896260023       1.38210002E-02   0.00000000    
  0.900500000       1.32900001E-02   0.00000000    
  0.904609978       1.27720004E-02   0.00000000    
  0.908599973       1.22649996E-02   0.00000000    
  0.912490010       1.17710000E-02   0.00000000    
  0.916260004       1.12899998E-02   0.00000000    
  0.919910014       1.08200004E-02   0.00000000    
  0.923470020       1.03620002E-02   0.00000000    
  0.926909983       9.91559960E-03   0.00000000    
  0.930249989       9.48099978E-03   0.00000000    
  0.933499992       9.05789994E-03   0.00000000    
  0.936640024       8.64600018E-03   0.00000000    
  0.939689994       8.24529957E-03   0.00000000    
  0.942640007       7.85550009E-03   0.00000000    
  0.945500016       7.47649977E-03   0.00000000    
  0.948270023       7.10800011E-03   0.00000000    
  0.950959980       6.75000018E-03   0.00000000    
  0.953559995       6.40220009E-03   0.00000000    
  0.956080019       6.06440008E-03   0.00000000    
  0.958519995       5.73639991E-03   0.00000000    
  0.960870028       5.41799981E-03   0.00000000    
  0.963159978       5.10900002E-03   0.00000000    
  0.965369999       4.80919983E-03   0.00000000    
  0.967499971       4.51839995E-03   0.00000000    
  0.969569981       4.23649978E-03   0.00000000    
  0.971570015       3.96309979E-03   0.00000000    
  0.973500013       3.69810010E-03   0.00000000    
  0.975369990       3.44130001E-03   0.00000000    
  0.977180004       3.19249998E-03   0.00000000    
  0.978919983       2.95139989E-03   0.00000000    
  0.980610013       2.71799997E-03   0.00000000    
  0.982240021       2.49200012E-03   0.00000000    
  0.983810008       2.27309996E-03   0.00000000    
  0.985339999       2.06129998E-03   0.00000000    
  0.986810029       1.85630005E-03   0.00000000    
  0.988229990       1.65790005E-03   0.00000000    
  0.989600003       1.46599999E-03   0.00000000    
  0.990920007       1.28029997E-03   0.00000000    
  0.992200017       1.10070000E-03   0.00000000    
  0.993439972       9.27050016E-04   0.00000000    
  0.994629979       7.59129995E-04   0.00000000    
  0.995779991       5.96789992E-04   0.00000000    
  0.996890008       4.39860014E-04   0.00000000    
  0.997969985       2.88179988E-04   0.00000000    
  0.999000013       1.41590004E-04   0.00000000    
