   1.00370288      -2.61416547E-02   0.00000000    
   1.00272048      -2.62836814E-02   0.00000000    
   1.00164044      -2.64218878E-02   0.00000000    
   1.00057971      -2.65383068E-02   0.00000000    
  0.999457479      -2.66479030E-02   0.00000000    
  0.998296320      -2.67417245E-02   0.00000000    
  0.997065544      -2.68156715E-02   0.00000000    
  0.995815814      -2.68705413E-02   0.00000000    
  0.994524956      -2.69051753E-02   0.00000000    
  0.993164837      -2.69162543E-02   0.00000000    
  0.991733730      -2.67343018E-02   0.00000000    
  0.990180790      -2.60275882E-02   0.00000000    
  0.989285886      -3.05653084E-02   0.00000000    
  0.987742484      -3.04772835E-02   0.00000000    
  0.986102223      -3.03480532E-02   0.00000000    
  0.983860850      -2.62568537E-02   0.00000000    
  0.982244968      -2.69473549E-02   0.00000000    
  0.980538845      -2.76281275E-02   0.00000000    
  0.978643060      -2.72752587E-02   0.00000000    
  0.976682365      -2.68754251E-02   0.00000000    
  0.974928856      -2.85345893E-02   0.00000000    
  0.973442197      -3.26705687E-02   0.00000000    
  0.970645905      -2.75607277E-02   0.00000000    
  0.968616664      -2.87423357E-02   0.00000000    
  0.966343641      -2.87024248E-02   0.00000000    
  0.963960290      -2.82265618E-02   0.00000000    
  0.962084413      -3.22520472E-02   0.00000000    
  0.959512830      -3.16736549E-02   0.00000000    
  0.956545353      -2.87193619E-02   0.00000000    
  0.953894794      -2.88016405E-02   0.00000000    
  0.951128006      -2.85915080E-02   0.00000000    
  0.948514163      -3.02218609E-02   0.00000000    
  0.945572436      -3.00481431E-02   0.00000000    
  0.942538202      -2.99245529E-02   0.00000000    
  0.939420819      -2.98449751E-02   0.00000000    
  0.936200857      -2.98044700E-02   0.00000000    
  0.932893872      -2.98000481E-02   0.00000000    
  0.929704309      -3.14485542E-02   0.00000000    
  0.926185608      -3.14698704E-02   0.00000000    
  0.922576010      -3.15240994E-02   0.00000000    
  0.918852568      -3.16098183E-02   0.00000000    
  0.915024042      -3.17254774E-02   0.00000000    
  0.911091089      -3.18697505E-02   0.00000000    
  0.907038689      -3.20421010E-02   0.00000000    
  0.903265357      -3.53711434E-02   0.00000000    
  0.898771763      -3.39428633E-02   0.00000000    
  0.894373178      -3.41667980E-02   0.00000000    
  0.889847457      -3.44172120E-02   0.00000000    
  0.885199010      -3.46930884E-02   0.00000000    
  0.880419195      -3.49942073E-02   0.00000000    
  0.875520289      -3.53190601E-02   0.00000000    
  0.870490909      -3.56676653E-02   0.00000000    
  0.865324318      -3.60398330E-02   0.00000000    
  0.860027611      -3.64344269E-02   0.00000000    
  0.854596138      -3.68511267E-02   0.00000000    
  0.849039376      -3.72885540E-02   0.00000000    
  0.843663454      -4.05324101E-02   0.00000000    
  0.837812066      -4.09764685E-02   0.00000000    
  0.831828952      -4.14415486E-02   0.00000000    
  0.825708151      -4.19274084E-02   0.00000000    
  0.819448948      -4.24334146E-02   0.00000000    
  0.813036382      -4.29601334E-02   0.00000000    
  0.806491792      -4.35051471E-02   0.00000000    
  0.799806058      -4.40685377E-02   0.00000000    
  0.792976797      -4.46498469E-02   0.00000000    
  0.786011994      -4.52477261E-02   0.00000000    
  0.778899372      -4.58625853E-02   0.00000000    
  0.771391034      -4.40244563E-02   0.00000000    
  0.764013648      -4.46905084E-02   0.00000000    
  0.756491542      -4.53702547E-02   0.00000000    
  0.748838961      -4.60617878E-02   0.00000000    
  0.741047800      -4.67652157E-02   0.00000000    
  0.733123958      -4.74793576E-02   0.00000000    
  0.725079238      -4.82025146E-02   0.00000000    
  0.716900289      -4.89352383E-02   0.00000000    
  0.708596230      -4.96760644E-02   0.00000000    
  0.700169861      -5.04240841E-02   0.00000000    
  0.691626191      -5.11781722E-02   0.00000000    
  0.682971835      -5.19371070E-02   0.00000000    
  0.674111664      -5.16831093E-02   0.00000000    
  0.665237963      -5.24545461E-02   0.00000000    
  0.656256497      -5.32282069E-02   0.00000000    
  0.647182941      -5.40020466E-02   0.00000000    
  0.638021588      -5.47750369E-02   0.00000000    
  0.628766716      -5.55469617E-02   0.00000000    
  0.619509876      -5.73091581E-02   0.00000000    
  0.609934509      -5.61618023E-02   0.00000000    
  0.600453198      -5.69245070E-02   0.00000000    
  0.590902030      -5.76811321E-02   0.00000000    
  0.581299067      -5.84295429E-02   0.00000000    
  0.571706772      -6.00813180E-02   0.00000000    
  0.561924160      -5.99000156E-02   0.00000000    
  0.552109718      -5.97739555E-02   0.00000000    
  0.542327166      -6.04814962E-02   0.00000000    
  0.532574177      -6.20191246E-02   0.00000000    
  0.522639990      -6.10697232E-02   0.00000000    
  0.512798131      -6.17327802E-02   0.00000000    
  0.502995908      -6.31626844E-02   0.00000000    
  0.493142605      -6.37904182E-02   0.00000000    
  0.483217508      -6.28839061E-02   0.00000000    
  0.473386109      -6.34709001E-02   0.00000000    
  0.463623375      -6.47668242E-02   0.00000000    
  0.453774810      -6.38972148E-02   0.00000000    
  0.444033325      -6.44149780E-02   0.00000000    
  0.434362173      -6.55914843E-02   0.00000000    
  0.424676418      -6.53763115E-02   0.00000000    
  0.415056854      -6.51798695E-02   0.00000000    
  0.405548751      -6.62330240E-02   0.00000000    
  0.396049798      -6.59794137E-02   0.00000000    
  0.386636168      -6.57388121E-02   0.00000000    
  0.377330691      -6.66671544E-02   0.00000000    
  0.368063509      -6.58046529E-02   0.00000000    
  0.358933836      -6.66343570E-02   0.00000000    
  0.349867702      -6.63090870E-02   0.00000000    
  0.340903610      -6.59890175E-02   0.00000000    
  0.332067668      -6.66942149E-02   0.00000000    
  0.323311001      -6.58137873E-02   0.00000000    
  0.314691246      -6.64239749E-02   0.00000000    
  0.306174099      -6.60083517E-02   0.00000000    
  0.297789633      -6.60607517E-02   0.00000000    
  0.289515942      -6.56127110E-02   0.00000000    
  0.281386167      -6.51629940E-02   0.00000000    
  0.273366988      -6.55650049E-02   0.00000000    
  0.265495062      -6.46370649E-02   0.00000000    
  0.257743597      -6.49537817E-02   0.00000000    
  0.250158697      -6.40166923E-02   0.00000000    
  0.242673069      -6.42518252E-02   0.00000000    
  0.235364750      -6.33039773E-02   0.00000000    
  0.228166744      -6.34620413E-02   0.00000000    
  0.221143395      -6.25028238E-02   0.00000000    
  0.214223981      -6.25877753E-02   0.00000000    
  0.207495391      -6.16173819E-02   0.00000000    
  0.200853184      -6.16334639E-02   0.00000000    
  0.194418311      -6.06522709E-02   0.00000000    
  0.188075691      -6.06052466E-02   0.00000000    
  0.181925029      -5.96136190E-02   0.00000000    
  0.175882965      -5.92091754E-02   0.00000000    
  0.169980139      -5.87860495E-02   0.00000000    
  0.164241582      -5.80629222E-02   0.00000000    
  0.158628836      -5.76031245E-02   0.00000000    
  0.153171942      -5.68588637E-02   0.00000000    
  0.147828639      -5.63645959E-02   0.00000000    
  0.142679349      -5.53662851E-02   0.00000000    
  0.137618884      -5.48398979E-02   0.00000000    
  0.132687122      -5.43006994E-02   0.00000000    
  0.127913624      -5.35227098E-02   0.00000000    
  0.123241767      -5.29581979E-02   0.00000000    
  0.118758112      -5.19677587E-02   0.00000000    
  0.114346683      -5.13793677E-02   0.00000000    
  0.110067539      -5.07838950E-02   0.00000000    
  0.105925314      -4.99853268E-02   0.00000000    
  0.101885021      -4.93723564E-02   0.00000000    
   9.79907960E-02  -4.85685840E-02   0.00000000    
   9.41813886E-02  -4.79410402E-02   0.00000000    
   9.05197784E-02  -4.71334010E-02   0.00000000    
   8.69373232E-02  -4.64947969E-02   0.00000000    
   8.34973752E-02  -4.56850938E-02   0.00000000    
   8.01645368E-02  -4.48800474E-02   0.00000000    
   7.69062489E-02  -4.42283824E-02   0.00000000    
   7.37827122E-02  -4.34242263E-02   0.00000000    
   7.07256049E-02  -4.27669287E-02   0.00000000    
   6.78015128E-02  -4.19652760E-02   0.00000000    
   6.49735034E-02  -4.11697701E-02   0.00000000    
   6.22063950E-02  -4.05077003E-02   0.00000000    
   5.95636480E-02  -3.97167504E-02   0.00000000    
   5.70099242E-02  -3.89324501E-02   0.00000000    
   5.45101278E-02  -3.82691659E-02   0.00000000    
   5.21291345E-02  -3.74915004E-02   0.00000000    
   4.98291515E-02  -3.67205702E-02   0.00000000    
   4.76105101E-02  -3.59570868E-02   0.00000000    
   4.54389751E-02  -3.52975167E-02   0.00000000    
   4.33745459E-02  -3.45422253E-02   0.00000000    
   4.13848534E-02  -3.37946825E-02   0.00000000    
   3.94019522E-02  -3.32353413E-02   0.00000000    
   3.75885405E-02  -3.24033871E-02   0.00000000    
   3.58085297E-02  -3.16729210E-02   0.00000000    
   3.40959392E-02  -3.09507102E-02   0.00000000    
   3.23847085E-02  -3.03882994E-02   0.00000000    
   3.08312494E-02  -2.95975357E-02   0.00000000    
   2.93064751E-02  -2.88941748E-02   0.00000000    
   2.78403424E-02  -2.81986985E-02   0.00000000    
   2.63728984E-02  -2.76394188E-02   0.00000000    
   2.50212252E-02  -2.69517377E-02   0.00000000    
   2.37518884E-02  -2.62138452E-02   0.00000000    
   2.25052927E-02  -2.55466197E-02   0.00000000    
   2.13094670E-02  -2.48875320E-02   0.00000000    
   2.01090258E-02  -2.43367478E-02   0.00000000    
   1.90401748E-02  -2.36391425E-02   0.00000000    
   1.79887395E-02  -2.30015963E-02   0.00000000    
   1.69814192E-02  -2.23718937E-02   0.00000000    
   1.59681328E-02  -2.18342431E-02   0.00000000    
   1.50742652E-02  -2.11754218E-02   0.00000000    
   1.41952755E-02  -2.05686353E-02   0.00000000    
   1.33561017E-02  -1.99704710E-02   0.00000000    
   1.25324158E-02  -1.94132924E-02   0.00000000    
   1.17697548E-02  -1.88299753E-02   0.00000000    
   1.10425362E-02  -1.82550717E-02   0.00000000    
   1.03511140E-02  -1.76895373E-02   0.00000000    
   9.69281141E-03  -1.71325374E-02   0.00000000    
   9.04644281E-03  -1.66084636E-02   0.00000000    
   8.45343061E-03  -1.60676185E-02   0.00000000    
   7.89078791E-03  -1.55358622E-02   0.00000000    
   7.31577212E-03  -1.50564760E-02   0.00000000    
   6.81280810E-03  -1.45397885E-02   0.00000000    
   6.33717468E-03  -1.40326563E-02   0.00000000    
   5.86709520E-03  -1.35544231E-02   0.00000000    
   5.44412853E-03  -1.30650494E-02   0.00000000    
   5.02451137E-03  -1.26029169E-02   0.00000000    
   4.62877098E-03  -1.21496888E-02   0.00000000    
   4.27793106E-03  -1.16868783E-02   0.00000000    
   3.92716983E-03  -1.12506906E-02   0.00000000    
   3.59706650E-03  -1.08232424E-02   0.00000000    
   3.31018842E-03  -1.03883678E-02   0.00000000    
   3.01968050E-03  -9.97858681E-03   0.00000000    
   2.74730776E-03  -9.57794394E-03   0.00000000    
   2.51637283E-03  -9.17183515E-03   0.00000000    
   2.27857986E-03  -8.78952164E-03   0.00000000    
   2.05634907E-03  -8.41640681E-03   0.00000000    
   1.87371299E-03  -8.03955738E-03   0.00000000    
   1.68120407E-03  -7.68501125E-03   0.00000000    
   1.50188513E-03  -7.33963493E-03   0.00000000    
   1.36033515E-03  -6.99202856E-03   0.00000000    
   1.20620651E-03  -6.66513387E-03   0.00000000    
   1.06309413E-03  -6.34724321E-03   0.00000000    
   9.56063683E-04  -6.02857070E-03   0.00000000    
   8.34014558E-04  -5.72878821E-03   0.00000000    
   7.21075223E-04  -5.43783465E-03   0.00000000    
   6.42547966E-04  -5.14715118E-03   0.00000000    
   5.46991767E-04  -4.87368740E-03   0.00000000    
   4.58810915E-04  -4.60861856E-03   0.00000000    
   4.03530779E-04  -4.34474740E-03   0.00000000    
   3.29531962E-04  -4.09633666E-03   0.00000000    
   1.68132057E-04  -3.87835992E-03   0.00000000    
   1.98797046E-04  -3.62318708E-03   0.00000000    
   1.68167884E-04  -3.39243980E-03   0.00000000    
   1.16160089E-04  -3.17503046E-03   0.00000000    
   6.84281258E-05  -2.96482816E-03   0.00000000    
   5.15137399E-05  -2.75719375E-03   0.00000000    
   1.22591046E-05  -2.56116828E-03   0.00000000    
  -2.36825454E-05  -2.37183063E-03   0.00000000    
  -5.66051349E-05  -2.18897220E-03   0.00000000    
  -5.91544303E-05  -2.00908282E-03   0.00000000    
  -8.58727290E-05  -1.83884206E-03   0.00000000    
  -1.10297406E-04  -1.67457631E-03   0.00000000    
  -1.32654415E-04  -1.51607650E-03   0.00000000    
  -1.24865590E-04  -1.36082526E-03   0.00000000    
  -1.42722478E-04  -1.21337117E-03   0.00000000    
  -1.59041141E-04  -1.07126683E-03   0.00000000    
  -1.74010071E-04  -9.34143551E-04   0.00000000    
  -1.87776197E-04  -8.01904418E-04   0.00000000    
  -1.70575164E-04  -6.73212111E-04   0.00000000    
  -1.81303971E-04  -5.50424797E-04   0.00000000    
  -2.59299413E-04  -4.33629786E-04   0.00000000    
  -3.12006479E-04  -3.19702289E-04   0.00000000    
  -3.21817119E-04  -2.08874480E-04   0.00000000    
  -2.48273223E-04  -1.01738253E-04   0.00000000    
   0.00000000       0.00000000       0.00000000    
  -2.48241267E-04   1.03366299E-04   0.00000000    
  -3.21686064E-04   2.11072795E-04   0.00000000    
  -3.11799726E-04   3.21928237E-04   0.00000000    
  -2.59106630E-04   4.35574620E-04   0.00000000    
  -1.81182171E-04   5.51880512E-04   0.00000000    
  -1.70447267E-04   6.74672832E-04   0.00000000    
  -1.87605328E-04   8.03615490E-04   0.00000000    
  -1.73831198E-04   9.35858465E-04   0.00000000    
  -1.58851501E-04   1.07300072E-03   0.00000000    
  -1.42524426E-04   1.21509260E-03   0.00000000    
  -1.24652550E-04   1.36258139E-03   0.00000000    
  -1.32382629E-04   1.51810062E-03   0.00000000    
  -1.10010813E-04   1.67660473E-03   0.00000000    
  -8.55689213E-05   1.84088224E-03   0.00000000    
  -5.88321527E-05   2.01113359E-03   0.00000000    
  -5.62030473E-05   2.19132146E-03   0.00000000    
  -2.32560214E-05   2.37419643E-03   0.00000000    
   1.27127005E-05   2.56355503E-03   0.00000000    
   2.51964484E-05   2.76447693E-03   0.00000000    
   6.90094239E-05   2.96752062E-03   0.00000000    
   1.16780953E-04   3.17776180E-03   0.00000000    
   1.68818689E-04   3.39515763E-03   0.00000000    
   1.99581482E-04   3.62624903E-03   0.00000000    
   2.62265094E-04   3.85894952E-03   0.00000000    
   3.30398005E-04   4.09939233E-03   0.00000000    
   4.04440332E-04   4.34779841E-03   0.00000000    
   4.59890813E-04   4.61202580E-03   0.00000000    
   5.48131240E-04   4.87711001E-03   0.00000000    
   6.43720909E-04   5.15050581E-03   0.00000000    
   7.22462428E-04   5.44158090E-03   0.00000000    
   8.09031131E-04   5.74275153E-03   0.00000000    
   9.58461838E-04   6.03184989E-03   0.00000000    
   1.07827585E-03   6.34553749E-03   0.00000000    
   1.20800035E-03   6.66911108E-03   0.00000000    
   1.36220164E-03   6.99597178E-03   0.00000000    
   1.50402682E-03   7.34393764E-03   0.00000000    
   1.68338791E-03   7.68919848E-03   0.00000000    
   1.87595200E-03   8.04365706E-03   0.00000000    
   2.05889321E-03   8.42084922E-03   0.00000000    
   2.28117290E-03   8.79384857E-03   0.00000000    
   2.51898658E-03   9.17600654E-03   0.00000000    
   2.75028334E-03   9.58247948E-03   0.00000000    
   3.02260020E-03   9.98285133E-03   0.00000000    
   3.31324898E-03   1.03926407E-02   0.00000000    
   3.60041694E-03   1.08277202E-02   0.00000000    
   3.93047277E-03   1.12549271E-02   0.00000000    
   4.28124331E-03   1.16909584E-02   0.00000000    
   4.63255588E-03   1.21541508E-02   0.00000000    
   5.02790138E-03   1.26067773E-02   0.00000000    
   5.44798141E-03   1.30692394E-02   0.00000000    
   5.87091828E-03   1.35584297E-02   0.00000000    
   6.34107692E-03   1.40365884E-02   0.00000000    
   6.81704842E-03   1.45438975E-02   0.00000000    
   7.32007157E-03   1.50604937E-02   0.00000000    
   7.89522659E-03   1.55398399E-02   0.00000000    
   8.45748000E-03   1.60711259E-02   0.00000000    
   9.05128662E-03   1.66124981E-02   0.00000000    
   9.69751365E-03   1.71363093E-02   0.00000000    
   1.03556905E-02   1.76930819E-02   0.00000000    
   1.10482527E-02   1.82593353E-02   0.00000000    
   1.17749935E-02   1.88337490E-02   0.00000000    
   1.25385290E-02   1.94175355E-02   0.00000000    
   1.33618368E-02   1.99743249E-02   0.00000000    
   1.42012667E-02   2.05725264E-02   0.00000000    
   1.50813702E-02   2.11798642E-02   0.00000000    
   1.59746446E-02   2.18381826E-02   0.00000000    
   1.69886369E-02   2.23761182E-02   0.00000000    
   1.79956704E-02   2.30055135E-02   0.00000000    
   1.90473590E-02   2.36430690E-02   0.00000000    
   2.01173685E-02   2.43411567E-02   0.00000000    
   2.13168524E-02   2.48913243E-02   0.00000000    
   2.25132760E-02   2.55505797E-02   0.00000000    
   2.37602945E-02   2.62178741E-02   0.00000000    
   2.50306465E-02   2.69560944E-02   0.00000000    
   2.63825618E-02   2.76437439E-02   0.00000000    
   2.78490447E-02   2.82024853E-02   0.00000000    
   2.93181054E-02   2.88914442E-02   0.00000000    
   3.08415592E-02   2.96001118E-02   0.00000000    
   3.24359164E-02   3.02906930E-02   0.00000000    
   3.40426862E-02   3.11171096E-02   0.00000000    
   3.58209126E-02   3.16717662E-02   0.00000000    
   3.76123413E-02   3.23691666E-02   0.00000000    
   3.94565277E-02   3.31169739E-02   0.00000000    
   4.13954034E-02   3.37982178E-02   0.00000000    
   4.33535166E-02   3.46444361E-02   0.00000000    
   4.54630330E-02   3.52615379E-02   0.00000000    
   4.76213172E-02   3.59603725E-02   0.00000000    
   4.98413034E-02   3.67241353E-02   0.00000000    
   5.21409251E-02   3.74948420E-02   0.00000000    
   5.45229539E-02   3.82726789E-02   0.00000000    
   5.70220612E-02   3.89356725E-02   0.00000000    
   5.95766380E-02   3.97200771E-02   0.00000000    
   6.22197054E-02   4.05109897E-02   0.00000000    
   6.49862140E-02   4.11728136E-02   0.00000000    
   6.78150877E-02   4.19684090E-02   0.00000000    
   7.07402006E-02   4.27701734E-02   0.00000000    
   7.38426149E-02   4.32141013E-02   0.00000000    
   7.69201964E-02   4.42312695E-02   0.00000000    
   8.01790357E-02   4.48829494E-02   0.00000000    
   8.35115984E-02   4.56878282E-02   0.00000000    
   8.69529247E-02   4.64976802E-02   0.00000000    
   9.05340314E-02   4.71359417E-02   0.00000000    
   9.41972211E-02   4.79437485E-02   0.00000000    
   9.80061963E-02   4.85711209E-02   0.00000000    
  0.101899959       4.93747145E-02   0.00000000    
  0.105942182       4.99878861E-02   0.00000000    
  0.110081583       5.07859252E-02   0.00000000    
  0.114363752       5.13817444E-02   0.00000000    
  0.118772946       5.19697405E-02   0.00000000    
  0.123259172       5.29603995E-02   0.00000000    
  0.127930492       5.35247475E-02   0.00000000    
  0.132704824       5.43027259E-02   0.00000000    
  0.137643844       5.47667034E-02   0.00000000    
  0.142696157       5.53680323E-02   0.00000000    
  0.147848293       5.63665144E-02   0.00000000    
  0.153190404       5.68605699E-02   0.00000000    
  0.158648312       5.76048158E-02   0.00000000    
  0.164260432       5.80644645E-02   0.00000000    
  0.170000046       5.87875731E-02   0.00000000    
  0.175902411       5.92105687E-02   0.00000000    
  0.181944460       5.96149191E-02   0.00000000    
  0.188096166       6.06064945E-02   0.00000000    
  0.194438338       6.06534146E-02   0.00000000    
  0.200875923       6.16346374E-02   0.00000000    
  0.207515091       6.16183244E-02   0.00000000    
  0.214246467       6.25887290E-02   0.00000000    
  0.221163541       6.25035986E-02   0.00000000    
  0.228190646       6.34628311E-02   0.00000000    
  0.235385090       6.33045882E-02   0.00000000    
  0.242697597       6.42524362E-02   0.00000000    
  0.250180334       6.40171468E-02   0.00000000    
  0.257767081       6.49541691E-02   0.00000000    
  0.265518010       6.46373630E-02   0.00000000    
  0.273391664       6.55652136E-02   0.00000000    
  0.281408161       6.51630983E-02   0.00000000    
  0.289540321       6.56127334E-02   0.00000000    
  0.297814161       6.60606772E-02   0.00000000    
  0.306198508       6.60081953E-02   0.00000000    
  0.314715981       6.64237291E-02   0.00000000    
  0.323334664       6.58134818E-02   0.00000000    
  0.332092822       6.66937903E-02   0.00000000    
  0.340927750       6.59885406E-02   0.00000000    
  0.349891484       6.63085356E-02   0.00000000    
  0.358958989       6.66336790E-02   0.00000000    
  0.368087173       6.58039525E-02   0.00000000    
  0.377356529       6.66663125E-02   0.00000000    
  0.386659384       6.57379776E-02   0.00000000    
  0.396074891       6.59784451E-02   0.00000000    
  0.405574113       6.62319660E-02   0.00000000    
  0.415079206       6.51788935E-02   0.00000000    
  0.424701005       6.53751791E-02   0.00000000    
  0.434387773       6.55902326E-02   0.00000000    
  0.444055438       6.44138381E-02   0.00000000    
  0.453797221       6.38960004E-02   0.00000000    
  0.463648051       6.47654459E-02   0.00000000    
  0.473407894       6.34696335E-02   0.00000000    
  0.483239949       6.28825426E-02   0.00000000    
  0.493166029       6.37889579E-02   0.00000000    
  0.503019512       6.31611571E-02   0.00000000    
  0.512819767       6.17313348E-02   0.00000000    
  0.522660315       6.10683262E-02   0.00000000    
  0.532596946       6.20175339E-02   0.00000000    
  0.542348862       6.04799353E-02   0.00000000    
  0.552129328       5.97725138E-02   0.00000000    
  0.561879873       5.90522289E-02   0.00000000    
  0.571729302       6.00796007E-02   0.00000000    
  0.581319988       5.84279150E-02   0.00000000    
  0.590920925       5.76796345E-02   0.00000000    
  0.600471973       5.69230020E-02   0.00000000    
  0.609953523       5.61602488E-02   0.00000000    
  0.619529307       5.73075674E-02   0.00000000    
  0.628787637       5.55452220E-02   0.00000000    
  0.638038635       5.47735989E-02   0.00000000    
  0.647201836       5.40004335E-02   0.00000000    
  0.656272948       5.32267913E-02   0.00000000    
  0.665256083       5.24529703E-02   0.00000000    
  0.674128830       5.16816042E-02   0.00000000    
  0.682989180       5.19355871E-02   0.00000000    
  0.691642404       5.11767454E-02   0.00000000    
  0.700188220       5.04224524E-02   0.00000000    
  0.708611727       4.96746823E-02   0.00000000    
  0.716919959       4.89334762E-02   0.00000000    
  0.725094140       4.82011735E-02   0.00000000    
  0.733137488       4.74781357E-02   0.00000000    
  0.741067767       4.67634127E-02   0.00000000    
  0.748849869       4.60608043E-02   0.00000000    
  0.756511092       4.53684852E-02   0.00000000    
  0.764027894       4.46892232E-02   0.00000000    
  0.771405935       4.40231152E-02   0.00000000    
  0.778914750       4.58612554E-02   0.00000000    
  0.786028624       4.52463031E-02   0.00000000    
  0.792996705       4.46481518E-02   0.00000000    
  0.799821436       4.40672450E-02   0.00000000    
  0.806505144       4.35040332E-02   0.00000000    
  0.813056350       4.29584943E-02   0.00000000    
  0.819464386       4.24321704E-02   0.00000000    
  0.825724006       4.19261456E-02   0.00000000    
  0.831845760       4.14402410E-02   0.00000000    
  0.837825954       4.09754142E-02   0.00000000    
  0.843682885       4.05309722E-02   0.00000000    
  0.849050343       3.72876897E-02   0.00000000    
  0.854610503       3.68500240E-02   0.00000000    
  0.860036075       3.64337973E-02   0.00000000    
  0.865341067       3.60386223E-02   0.00000000    
  0.870508790       3.56664173E-02   0.00000000    
  0.875526428       3.53186540E-02   0.00000000    
  0.880434513       3.49932350E-02   0.00000000    
  0.885211289       3.46923545E-02   0.00000000    
  0.889865041       3.44162285E-02   0.00000000    
  0.894381881       3.41663472E-02   0.00000000    
  0.898779988       3.39424796E-02   0.00000000    
  0.903282940       3.53705399E-02   0.00000000    
  0.907058477       3.20412368E-02   0.00000000    
  0.911089599       3.18698063E-02   0.00000000    
  0.915035903       3.17251012E-02   0.00000000    
  0.918876469       3.16092148E-02   0.00000000    
  0.922573626       3.15241441E-02   0.00000000    
  0.926209152       3.14696468E-02   0.00000000    
  0.929711819       3.14485505E-02   0.00000000    
  0.932895184       2.98000444E-02   0.00000000    
  0.936221480       2.98046190E-02   0.00000000    
  0.939425111       2.98450552E-02   0.00000000    
  0.942554653       2.99250744E-02   0.00000000    
  0.945580959       3.00485399E-02   0.00000000    
  0.948525965       3.02226227E-02   0.00000000    
  0.951129198       2.85915807E-02   0.00000000    
  0.953909934       2.88028661E-02   0.00000000    
  0.956548274       2.86951475E-02   0.00000000    
  0.959223568       2.94492897E-02   0.00000000    
  0.961511970       2.78194826E-02   0.00000000    
  0.963947415       2.82241926E-02   0.00000000    
  0.966361046       2.87061185E-02   0.00000000    
  0.968629956       2.86866296E-02   0.00000000    
  0.970637679       2.75589656E-02   0.00000000    
  0.972826362       2.80581303E-02   0.00000000    
  0.974944293       2.85380911E-02   0.00000000    
  0.976682901       2.68755890E-02   0.00000000    
  0.978646219       2.72759479E-02   0.00000000    
  0.980556965       2.75632460E-02   0.00000000    
  0.982239127       2.69851536E-02   0.00000000    
  0.983873963       2.62588635E-02   0.00000000    
  0.985583782       2.64739729E-02   0.00000000    
  0.987182796       2.66370941E-02   0.00000000    
  0.988784730       2.67628878E-02   0.00000000    
  0.990182340       2.59922929E-02   0.00000000    
  0.991734862       2.66798623E-02   0.00000000    
  0.993180394       2.69165039E-02   0.00000000    
  0.994515479       2.69053373E-02   0.00000000    
  0.995809019       2.68708318E-02   0.00000000    
  0.997092843       2.68141609E-02   0.00000000    
  0.998297751       2.67416649E-02   0.00000000    
  0.999462962       2.66475193E-02   0.00000000    
   1.00055587       2.65408531E-02   0.00000000    
   1.00168836       2.64157988E-02   0.00000000    
   1.00270045       2.62862872E-02   0.00000000    
