   1.00479352      -3.38420942E-02   0.00000000       3.41791138E-02   5.60702384E-03   3.51535808E-03   5.93783334E-03
   1.00381732      -3.39908339E-02   0.00000000       3.41893546E-02   5.53999981E-03   3.50672891E-03   5.92822442E-03
   1.00272453      -3.41408737E-02   0.00000000       3.41847017E-02   5.59012312E-03   3.60484351E-03   6.13081316E-03
   1.00167286      -3.42702009E-02   0.00000000       3.41654792E-02   5.56827569E-03   3.59915476E-03   6.11615507E-03
   1.00055170      -3.43990326E-02   0.00000000       3.41362618E-02   5.33515215E-03   3.44898738E-03   5.85639942E-03
  0.999392033      -3.45066115E-02   0.00000000       3.40808518E-02   5.51913958E-03   3.63312941E-03   6.20075734E-03
  0.998156786      -3.46078277E-02   0.00000000       3.40088457E-02   5.46348048E-03   3.62648023E-03   6.20709779E-03
  0.996913612      -3.46943997E-02   0.00000000       3.39214727E-02   5.32831391E-03   3.54976789E-03   6.08521095E-03
  0.995629549      -3.47569920E-02   0.00000000       3.38049568E-02   5.36913518E-03   3.61024123E-03   6.20298274E-03
  0.994269609      -3.48031558E-02   0.00000000       3.36619020E-02   5.09742321E-03   3.42588779E-03   5.88718336E-03
  0.992864728      -3.48289981E-02   0.00000000       3.34928259E-02   5.09020686E-03   3.44524812E-03   5.93204517E-03
  0.991408527      -3.48313600E-02   0.00000000       3.32937278E-02   5.05153183E-03   3.43979872E-03   5.93351899E-03
  0.989872873      -3.48056704E-02   0.00000000       3.30562368E-02   5.03905164E-03   3.47126788E-03   6.01459201E-03
  0.988659203      -3.70524377E-02   0.00000000       3.51142697E-02   4.86240769E-03   3.30954185E-03   5.70989214E-03
  0.987021208      -3.69761847E-02   0.00000000       3.48133780E-02   4.81958501E-03   3.32964747E-03   5.77631593E-03
  0.985325694      -3.68638486E-02   0.00000000       3.44693139E-02   4.83452529E-03   3.37631768E-03   5.88327413E-03
  0.983598292      -3.67140137E-02   0.00000000       3.40841748E-02   4.71892301E-03   3.28848581E-03   5.72207756E-03
  0.981760442      -3.65150422E-02   0.00000000       3.36357504E-02   4.66750143E-03   3.27933766E-03   5.72456792E-03
  0.979878128      -3.62689495E-02   0.00000000       3.31351086E-02   4.39465046E-03   3.05386446E-03   5.30371489E-03
  0.978654087      -4.12354246E-02   0.00000000       3.78886834E-02   4.38078912E-03   3.05804238E-03   5.32066962E-03
  0.976624429      -4.09382619E-02   0.00000000       3.73185687E-02   4.37811157E-03   3.07824323E-03   5.37100900E-03
  0.973901153      -3.60406749E-02   0.00000000       3.20971124E-02   4.25492367E-03   2.99577392E-03   5.22852363E-03
  0.971924007      -3.69224623E-02   0.00000000       3.27035151E-02   4.19276441E-03   2.94393161E-03   5.13130333E-03
  0.969713748      -3.68297659E-02   0.00000000       3.23136374E-02   3.98117350E-03   2.78219511E-03   4.83461190E-03
  0.968151867      -4.21032310E-02   0.00000000       3.73291299E-02   3.91634600E-03   2.74401368E-03   4.77240561E-03
  0.964956701      -3.55809145E-02   0.00000000       3.04371715E-02   3.89595726E-03   2.72579654E-03   4.73713223E-03
  0.962717950      -3.69648635E-02   0.00000000       3.15092281E-02   3.82259232E-03   2.69430713E-03   4.69623460E-03
  0.960228145      -3.70097533E-02   0.00000000       3.12216356E-02   3.73066054E-03   2.62680463E-03   4.57453355E-03
  0.958393157      -4.25331928E-02   0.00000000       3.64519879E-02   3.67190130E-03   2.57973536E-03   4.48765326E-03
  0.954792917      -3.55501920E-02   0.00000000       2.90533192E-02   3.58279608E-03   2.52437103E-03   4.39448003E-03
  0.951972723      -3.49413045E-02   0.00000000       2.80770455E-02   3.59296915E-03   2.52593355E-03   4.39209212E-03
  0.949412107      -3.69978808E-02   0.00000000       2.97783744E-02   3.55863688E-03   2.50780280E-03   4.36512986E-03
  0.946416855      -3.64389829E-02   0.00000000       2.88310330E-02   3.43442918E-03   2.43073329E-03   4.23721410E-03
  0.943250597      -3.53469439E-02   0.00000000       2.73340922E-02   3.37834028E-03   2.39537680E-03   4.17791819E-03
  0.940185130      -3.56714688E-02   0.00000000       2.72561442E-02   3.35274264E-03   2.37452867E-03   4.13991557E-03
  0.936932981      -3.54282372E-02   0.00000000       2.65924856E-02   3.28122196E-03   2.33290810E-03   4.07234207E-03
  0.933603108      -3.52503918E-02   0.00000000       2.59851776E-02   3.27847293E-03   2.32994463E-03   4.06553689E-03
  0.930453658      -3.72233130E-02   0.00000000       2.75355782E-02   3.22010461E-03   2.29429454E-03   4.00763657E-03
  0.926907420      -3.70807759E-02   0.00000000       2.69388407E-02   3.15830554E-03   2.25592731E-03   3.94424191E-03
  0.923279703      -3.69888358E-02   0.00000000       2.63836943E-02   3.17191891E-03   2.26330268E-03   3.95442406E-03
  0.919532716      -3.69409956E-02   0.00000000       2.58590635E-02   3.07695824E-03   2.20367708E-03   3.85635532E-03
  0.915685475      -3.69338095E-02   0.00000000       2.53640935E-02   3.03822057E-03   2.17876374E-03   3.81447491E-03
  0.911738455      -3.69641818E-02   0.00000000       2.48959474E-02   3.09063029E-03   2.21168669E-03   3.86717007E-03
  0.907667339      -3.70300598E-02   0.00000000       2.44497098E-02   2.96369754E-03   2.13067816E-03   3.73360817E-03
  0.903485596      -3.71294916E-02   0.00000000       2.40253396E-02   2.92793429E-03   2.10750219E-03   3.69459926E-03
  0.899185956      -3.72610390E-02   0.00000000       2.36206762E-02   2.96756485E-03   2.13360321E-03   3.73708853E-03
  0.894778192      -3.74229774E-02   0.00000000       2.32354533E-02   2.86664627E-03   2.06731912E-03   3.62650235E-03
  0.890463769      -3.94084342E-02   0.00000000       2.46741362E-02   2.82377563E-03   2.03942694E-03   3.57967103E-03
  0.885801315      -3.95965241E-02   0.00000000       2.42892914E-02   2.79006711E-03   2.01720162E-03   3.54202976E-03
  0.881007314      -3.98143902E-02   0.00000000       2.39210371E-02   2.75697163E-03   1.99528434E-03   3.50486813E-03
  0.876097262      -4.00602669E-02   0.00000000       2.35697627E-02   2.78221187E-03   2.01039785E-03   3.52823967E-03
  0.871054113      -4.03339416E-02   0.00000000       2.32334211E-02   2.69208685E-03   1.95206748E-03   3.43143451E-03
  0.865874648      -4.06347178E-02   0.00000000       2.29112171E-02   2.66034529E-03   1.93079235E-03   3.39521025E-03
  0.860567629      -4.09612358E-02   0.00000000       2.26030871E-02   2.62929616E-03   1.90988637E-03   3.35954060E-03
  0.855124772      -4.13131341E-02   0.00000000       2.23079901E-02   2.67640222E-03   1.94325461E-03   3.41584766E-03
  0.849557936      -4.16888185E-02   0.00000000       2.20260043E-02   2.56671361E-03   1.86750502E-03   3.28711374E-03
  0.843845367      -4.20889445E-02   0.00000000       2.17555054E-02   2.53619370E-03   1.84669381E-03   3.25145782E-03
  0.837990463      -4.25125733E-02   0.00000000       2.14962810E-02   2.55494216E-03   1.86065375E-03   3.27511504E-03
  0.832003832      -4.29582000E-02   0.00000000       2.12483834E-02   2.56870338E-03   1.86930352E-03   3.28849070E-03
  0.825879633      -4.34254967E-02   0.00000000       2.10111123E-02   2.44556088E-03   1.78438635E-03   3.14437598E-03
  0.819617212      -4.39137854E-02   0.00000000       2.07840521E-02   2.41569337E-03   1.76369143E-03   3.10870190E-03
  0.813036382      -4.29601334E-02   0.00000000       1.90936029E-02   2.43827840E-03   1.77771086E-03   3.13089928E-03
  0.806491792      -4.35051471E-02   0.00000000       1.89019740E-02   2.46129301E-03   1.79801299E-03   3.16764414E-03
  0.799806058      -4.40685377E-02   0.00000000       1.87186711E-02   2.65273871E-03   1.93967589E-03   3.41347279E-03
  0.792976797      -4.46498469E-02   0.00000000       1.85433310E-02   2.31162482E-03   1.69141358E-03   2.98387208E-03
  0.786011994      -4.52477261E-02   0.00000000       1.83758661E-02   2.27102661E-03   1.66264258E-03   2.93409964E-03
  0.778899372      -4.58625853E-02   0.00000000       1.82157364E-02   2.33129133E-03   1.71091093E-03   3.02024512E-03
  0.771655619      -4.64922972E-02   0.00000000       1.80630405E-02   2.22946703E-03   1.63302291E-03   2.88214418E-03
  0.764273584      -4.71368320E-02   0.00000000       1.79173574E-02   2.18311907E-03   1.60017505E-03   2.82541127E-03
  0.756746173      -4.77961414E-02   0.00000000       1.77783202E-02   2.15393980E-03   1.57930981E-03   2.78902473E-03
  0.749089837      -4.84681278E-02   0.00000000       1.76460128E-02   2.12459685E-03   1.55827776E-03   2.75230664E-03
  0.741166174      -4.79153842E-02   0.00000000       1.62757635E-02   2.09809653E-03   1.53947470E-03   2.71967775E-03
  0.733240366      -4.86210622E-02   0.00000000       1.61652975E-02   2.11980706E-03   1.55864528E-03   2.75484310E-03
  0.725193739      -4.93362099E-02   0.00000000       1.60605256E-02   2.03948445E-03   1.49719196E-03   2.64568720E-03
  0.717012525      -5.00613600E-02   0.00000000       1.59610510E-02   2.01023230E-03   1.47601322E-03   2.60857702E-03
  0.708706498      -5.07950038E-02   0.00000000       1.58668384E-02   1.98087515E-03   1.45470782E-03   2.57121539E-03
  0.700278044      -5.15362471E-02   0.00000000       1.57777462E-02   1.99539191E-03   1.46296306E-03   2.58418056E-03
  0.691732585      -5.22839390E-02   0.00000000       1.56936646E-02   1.93279085E-03   1.42071676E-03   2.51211715E-03
  0.682971835      -5.19371070E-02   0.00000000       1.45097785E-02   1.93106639E-03   1.41971768E-03   2.51001748E-03
  0.674309433      -5.37943169E-02   0.00000000       1.55400699E-02   1.86319824E-03   1.36890111E-03   2.42046150E-03
  0.665331423      -5.34667671E-02   0.00000000       1.43768042E-02   1.83610583E-03   1.34927069E-03   2.38610292E-03
  0.656348228      -5.42358719E-02   0.00000000       1.43166026E-02   1.85856037E-03   1.36328849E-03   2.41432083E-03
  0.647272825      -5.50054908E-02   0.00000000       1.42605612E-02   1.84151845E-03   1.36418908E-03   2.42067431E-03
  0.638109863      -5.57745546E-02   0.00000000       1.42085738E-02   1.77008240E-03   1.30230014E-03   2.30406853E-03
  0.628853083      -5.65428883E-02   0.00000000       1.41605157E-02   1.71785150E-03   1.26238703E-03   2.23302143E-03
  0.619509876      -5.73091581E-02   0.00000000       1.41163236E-02   1.70528411E-03   1.25684659E-03   2.22635339E-03
  0.610094368      -5.80715053E-02   0.00000000       1.40759740E-02   1.69591152E-03   1.25473493E-03   2.22678133E-03
  0.600609720      -5.88289835E-02   0.00000000       1.40394121E-02   1.68203353E-03   1.24682928E-03   2.21446017E-03
  0.591055095      -5.95809296E-02   0.00000000       1.40065346E-02   1.60257949E-03   1.17809873E-03   2.08494114E-03
  0.581448555      -6.03252277E-02   0.00000000       1.39773563E-02   1.56973279E-03   1.15297921E-03   2.03984580E-03
  0.571782410      -6.10617734E-02   0.00000000       1.39517859E-02   1.54014200E-03   1.13105623E-03   2.00108788E-03
  0.561992764      -6.08102120E-02   0.00000000       1.29481442E-02   1.51291571E-03   1.11118518E-03   1.96622475E-03
  0.552238762      -6.15281500E-02   0.00000000       1.29311606E-02   1.48363691E-03   1.08938618E-03   1.92760734E-03
  0.542452633      -6.22338615E-02   0.00000000       1.29174208E-02   1.45426579E-03   1.06757961E-03   1.88902684E-03
  0.532637417      -6.29264563E-02   0.00000000       1.29069304E-02   1.42492342E-03   1.04578712E-03   1.85045693E-03
  0.522811592      -6.36039674E-02   0.00000000       1.28996680E-02   1.39565777E-03   1.02403061E-03   1.81194104E-03
  0.512904882      -6.33597970E-02   0.00000000       1.19869821E-02   1.36836746E-03   1.00401451E-03   1.77677337E-03
  0.503049374      -6.40058145E-02   0.00000000       1.19862016E-02   1.34012382E-03   9.82944854E-04   1.73939031E-03
  0.493194371      -6.46338090E-02   0.00000000       1.19883800E-02   1.31128624E-03   9.61470767E-04   1.70134823E-03
  0.483467847      -6.71256408E-02   0.00000000       1.38803115E-02   1.27602823E-03   9.34573240E-04   1.65312027E-03
  0.473472118      -6.49865195E-02   0.00000000       1.11556249E-02   1.25653390E-03   9.20901832E-04   1.62965700E-03
  0.463666111      -6.55530766E-02   0.00000000       1.11658424E-02   1.22827536E-03   8.99834151E-04   1.59231387E-03
  0.453888893      -6.60973713E-02   0.00000000       1.11788241E-02   1.20001275E-03   8.78791208E-04   1.55503768E-03
  0.444103211      -6.58301190E-02   0.00000000       1.04049454E-02   1.17454946E-03   8.60010798E-04   1.52191916E-03
  0.434396505      -6.63262159E-02   0.00000000       1.04220631E-02   1.14707113E-03   8.39457440E-04   1.48544239E-03
  0.424738914      -6.67973012E-02   0.00000000       1.04417810E-02   1.11970981E-03   8.19022709E-04   1.44918938E-03
  0.415142089      -6.72424510E-02   0.00000000       1.04641179E-02   1.09252008E-03   7.98727153E-04   1.41318468E-03
  0.405575246      -6.69212192E-02   0.00000000       9.74839181E-03   1.06781849E-03   7.80489470E-04   1.38103147E-03
  0.396097153      -6.73113912E-02   0.00000000       9.77393705E-03   1.04149058E-03   7.60818599E-04   1.34611432E-03
  0.386699200      -6.76736683E-02   0.00000000       9.80200805E-03   1.01477164E-03   7.40823452E-04   1.31062837E-03
  0.377349764      -6.73132464E-02   0.00000000       9.13737714E-03   9.91694513E-04   7.23758712E-04   1.28048682E-03
  0.368170530      -6.98716491E-02   0.00000000       1.14239193E-02   9.57276963E-04   6.97010721E-04   1.23207166E-03
  0.358947843      -6.72396794E-02   0.00000000       8.54974799E-03   9.42778890E-04   6.87398773E-04   1.21613825E-03
  0.349891067      -6.74821362E-02   0.00000000       8.58253799E-03   9.18202219E-04   6.68959517E-04   1.18334172E-03
  0.340931654      -6.76951110E-02   0.00000000       8.61768238E-03   8.93679215E-04   6.50579459E-04   1.15067663E-03
  0.332075149      -6.72646537E-02   0.00000000       8.04143958E-03   8.71487253E-04   6.34205062E-04   1.12179946E-03
  0.323344857      -6.94097579E-02   0.00000000       1.00728013E-02   8.39748885E-04   6.09412091E-04   1.07682880E-03
  0.314694405      -6.69597238E-02   0.00000000       7.54093425E-03   8.29200144E-04   6.00838277E-04   1.06248935E-03
  0.306176335      -6.70478269E-02   0.00000000       7.57917296E-03   8.03504779E-04   5.83402405E-04   1.03163905E-03
  0.297787994      -6.71063364E-02   0.00000000       7.61958444E-03   7.80630624E-04   5.66292496E-04   1.00125489E-03
  0.289510518      -6.65903538E-02   0.00000000       7.11701950E-03   7.60624127E-04   5.51433652E-04   9.74966097E-04
  0.281372786      -6.65872693E-02   0.00000000       7.15850154E-03   7.38679781E-04   5.35000931E-04   9.45762673E-04
  0.273360640      -6.60420805E-02   0.00000000       6.68874849E-03   7.19272008E-04   5.20595233E-04   9.20282502E-04
  0.265441984      -6.76507875E-02   0.00000000       8.40367749E-03   6.90931396E-04   4.98453737E-04   8.80102860E-04
  0.257733881      -6.54033348E-02   0.00000000       6.29164651E-03   6.79434161E-04   4.90879582E-04   8.67579249E-04
  0.250113308      -6.57687783E-02   0.00000000       6.82233693E-03   6.57207274E-04   4.74009488E-04   8.37389438E-04
  0.242660195      -6.46758452E-02   0.00000000       5.92314312E-03   6.41162391E-04   4.62322176E-04   8.16920539E-04
  0.235307485      -6.49572983E-02   0.00000000       6.42708689E-03   6.19884930E-04   4.46155464E-04   7.87970435E-04
  0.228134111      -6.42932728E-02   0.00000000       6.01224368E-03   6.02505577E-04   4.33336623E-04   7.65365199E-04
  0.221075073      -6.40643612E-02   0.00000000       6.05996978E-03   5.84033027E-04   4.19416203E-04   7.40537012E-04
  0.214185983      -6.33732751E-02   0.00000000       5.67077985E-03   5.67558920E-04   4.07259446E-04   7.19078584E-04
  0.207417116      -6.30935580E-02   0.00000000       5.71875600E-03   5.49694174E-04   3.93804949E-04   6.95098250E-04
  0.200810105      -6.23764209E-02   0.00000000       5.35335345E-03   5.33960410E-04   3.82174912E-04   6.74557057E-04
  0.194330290      -6.20489940E-02   0.00000000       5.40150050E-03   5.16818545E-04   3.69291287E-04   6.51602226E-04
  0.188052759      -6.09438531E-02   0.00000000       4.69239336E-03   5.03077288E-04   3.59312340E-04   6.34149881E-04
  0.181855440      -6.05679117E-02   0.00000000       4.73678717E-03   4.87074110E-04   3.47298133E-04   6.12746109E-04
  0.175834686      -5.98277524E-02   0.00000000       4.43637697E-03   4.72595653E-04   3.36579455E-04   5.93792473E-04
  0.169928089      -5.94112091E-02   0.00000000       4.48073028E-03   4.57075046E-04   3.24929220E-04   5.73048485E-04
  0.164189652      -5.86494468E-02   0.00000000       4.19789646E-03   4.43270983E-04   3.14720819E-04   5.54999569E-04
  0.158573106      -5.81961870E-02   0.00000000       4.24211659E-03   4.28340543E-04   3.03549896E-04   5.35129337E-04
  0.153085649      -5.77266179E-02   0.00000000       4.28822963E-03   4.13935544E-04   2.92708370E-04   5.15789143E-04
  0.147769392      -5.69276996E-02   0.00000000       4.01968183E-03   4.01206111E-04   2.83311063E-04   4.99190530E-04
  0.142561749      -5.64265177E-02   0.00000000       4.06559743E-03   3.87354317E-04   2.72917125E-04   4.80667572E-04
  0.137528732      -5.56138381E-02   0.00000000       3.81205138E-03   3.75272037E-04   2.64015631E-04   4.64954210E-04
  0.132625625      -5.48032112E-02   0.00000000       3.57455900E-03   3.63384053E-04   2.55254767E-04   4.49482905E-04
  0.127819121      -5.42586930E-02   0.00000000       3.61823430E-03   3.50631424E-04   2.45684932E-04   4.32424742E-04
  0.123177461      -5.34362607E-02   0.00000000       3.39377951E-03   3.39411956E-04   2.37418411E-04   4.17823816E-04
  0.118631512      -5.28685302E-02   0.00000000       3.43717961E-03   3.27222224E-04   2.28275167E-04   4.01530851E-04
  0.114249669      -5.20374551E-02   0.00000000       3.22479242E-03   3.16569640E-04   2.20446658E-04   3.87712236E-04
  0.110002093      -5.12116030E-02   0.00000000       3.02554993E-03   3.06033791E-04   2.12682324E-04   3.73998046E-04
  0.105824873      -5.06122932E-02   0.00000000       3.06670857E-03   2.94920697E-04   2.04375770E-04   3.59200523E-04
  0.101817153      -4.97799702E-02   0.00000000       2.87795439E-03   2.85122951E-04   1.97177505E-04   3.46498360E-04
   9.79243442E-02  -4.89517078E-02   0.00000000       2.70087272E-03   2.75499275E-04   1.90118633E-04   3.34039360E-04
   9.41112190E-02  -4.83297743E-02   0.00000000       2.73973541E-03   2.65133189E-04   1.82355419E-04   3.20203835E-04
   9.04513225E-02  -4.74988744E-02   0.00000000       2.57170387E-03   2.56075436E-04   1.75733614E-04   3.08517017E-04
   8.68651047E-02  -4.68657985E-02   0.00000000       2.61018169E-03   2.46200187E-04   1.68345083E-04   2.95358303E-04
   8.34269524E-02  -4.60339598E-02   0.00000000       2.45060585E-03   2.37697939E-04   1.62106939E-04   2.84350041E-04
   8.00571740E-02  -4.53920215E-02   0.00000000       2.48868275E-03   2.28319390E-04   1.55099930E-04   2.71858677E-04
   7.68338889E-02  -4.45615798E-02   0.00000000       2.33695959E-03   2.20301168E-04   1.49240543E-04   2.61532870E-04
   7.36299381E-02  -4.41032983E-02   0.00000000       2.56926427E-03   2.10181228E-04   1.41513679E-04   2.47605785E-04
   7.06513450E-02  -4.30853330E-02   0.00000000       2.23023584E-03   2.03881049E-04   1.37098672E-04   2.39993969E-04
   6.77667633E-02  -4.21092026E-02   0.00000000       1.93449866E-03   1.97426489E-04   1.32517467E-04   2.32031351E-04
   6.48209974E-02  -4.17804606E-02   0.00000000       2.30605574E-03   1.87250844E-04   1.24638245E-04   2.17737892E-04
   6.21324331E-02  -4.07940522E-02   0.00000000       2.00054888E-03   1.81499927E-04   1.20653182E-04   2.10887010E-04
   5.94916791E-02  -3.99860591E-02   0.00000000       1.87889545E-03   1.74792513E-04   1.15770985E-04   2.02286086E-04
   5.68581559E-02  -3.94819193E-02   0.00000000       2.07174500E-03   1.66267768E-04   1.09250650E-04   1.90507373E-04
   5.43952100E-02  -3.86715494E-02   0.00000000       1.94656476E-03   1.60089287E-04   1.04763705E-04   1.82617936E-04
   5.20577021E-02  -3.77337672E-02   0.00000000       1.68672972E-03   1.55041183E-04   1.01256868E-04   1.76583402E-04
   4.96782921E-02  -3.72150093E-02   0.00000000       1.86272862E-03   1.47191124E-04   9.52461050E-05   1.65717138E-04
   4.74640876E-02  -3.64220515E-02   0.00000000       1.75009714E-03   1.41612647E-04   9.12116666E-05   1.58625262E-04
   4.53680903E-02  -3.55154127E-02   0.00000000       1.51511130E-03   1.37057476E-04   8.80811276E-05   1.53258210E-04
   4.33057286E-02  -3.47470380E-02   0.00000000       1.42254657E-03   1.31761044E-04   8.42237569E-05   1.46452032E-04
   4.12397496E-02  -3.42128873E-02   0.00000000       1.57430558E-03   1.24882514E-04   7.89653786E-05   1.36938412E-04
   3.93259041E-02  -3.34475264E-02   0.00000000       1.47866993E-03   1.20006785E-04   7.54446446E-05   1.30747067E-04
   3.75204794E-02  -3.25874500E-02   0.00000000       1.27800205E-03   1.16092167E-04   7.27723818E-05   1.26159095E-04
   3.56648155E-02  -3.20487507E-02   0.00000000       1.41668657E-03   1.09840832E-04   6.79474761E-05   1.17410920E-04
   3.39567922E-02  -3.13037820E-02   0.00000000       1.33028359E-03   1.05521685E-04   6.48383502E-05   1.11943511E-04
   3.22706588E-02  -3.06684319E-02   0.00000000       1.35790487E-03   1.00403304E-04   6.09887575E-05   1.05024083E-04
   3.07660196E-02  -2.97525916E-02   0.00000000       1.07718771E-03   9.79740580E-05   5.95299171E-05   1.02708211E-04
   2.91690081E-02  -2.92108636E-02   0.00000000       1.19682983E-03   9.25671848E-05   5.53731043E-05   9.51558686E-05
   2.77071595E-02  -2.84957998E-02   0.00000000       1.12312753E-03   8.88617651E-05   5.27157754E-05   9.04818371E-05
   2.63394583E-02  -2.77116932E-02   0.00000000       9.67181055E-04   8.59581342E-05   5.07818186E-05   8.71929369E-05
   2.49888469E-02  -2.70194896E-02   0.00000000       9.06543457E-04   8.24987292E-05   4.82875548E-05   8.27838521E-05
   2.36206371E-02  -2.64795143E-02   0.00000000       1.00973027E-03   7.78507820E-05   4.46985432E-05   7.62534473E-05
   2.24140286E-02  -2.57252995E-02   0.00000000       8.67970637E-04   7.53769127E-05   4.30647924E-05   7.34883215E-05
   2.12212279E-02  -2.50547677E-02   0.00000000       8.12994258E-04   7.23452613E-05   4.08976266E-05   6.96691350E-05
   2.00781971E-02  -2.43933089E-02   0.00000000       7.61144736E-04   6.94434784E-05   3.88286498E-05   6.60225123E-05
   1.89506337E-02  -2.37981919E-02   0.00000000       7.78256275E-04   6.61277300E-05   3.63869731E-05   6.16409743E-05
   1.79022476E-02  -2.31502205E-02   0.00000000       7.28357176E-04   6.34839962E-05   3.45409208E-05   5.83964684E-05
   1.68977063E-02  -2.25105602E-02   0.00000000       6.81311067E-04   6.09407289E-05   3.27353482E-05   5.52207239E-05
   1.59072522E-02  -2.19321735E-02   0.00000000       6.97003095E-04   5.81001696E-05   3.06527036E-05   5.14816384E-05
   1.49894767E-02  -2.13068072E-02   0.00000000       6.51683134E-04   5.57794883E-05   2.90602729E-05   4.86907338E-05
   1.41135482E-02  -2.06910819E-02   0.00000000       6.08919072E-04   5.36217012E-05   2.75776583E-05   4.61024028E-05
   1.32462541E-02  -2.01294664E-02   0.00000000       6.23282569E-04   5.10821446E-05   2.57557040E-05   4.28392996E-05
   1.24496687E-02  -1.95288397E-02   0.00000000       5.82049834E-04   4.91076571E-05   2.44569801E-05   4.05913670E-05
   1.16587421E-02  -1.89799555E-02   0.00000000       5.96046040E-04   4.68377330E-05   2.28344234E-05   3.76800708E-05
   1.09023815E-02  -1.84371974E-02   0.00000000       6.10541727E-04   4.44687685E-05   2.12123050E-05   3.47840287E-05
   1.01817967E-02  -1.79022793E-02   0.00000000       6.25566056E-04   4.23388665E-05   1.97034515E-05   3.20808067E-05
   9.49347951E-03  -1.73737817E-02   0.00000000       6.41132356E-04   4.01142788E-05   1.82113999E-05   2.94085348E-05
   8.83714203E-03  -1.68523248E-02   0.00000000       6.57333061E-04   3.79847261E-05   1.67595190E-05   2.68050062E-05
   8.21257103E-03  -1.63387042E-02   0.00000000       6.74051524E-04   3.59720689E-05   1.53746932E-05   2.43205177E-05
   7.61689385E-03  -1.58316027E-02   0.00000000       6.91416266E-04   3.38269310E-05   1.39843851E-05   2.18347850E-05
   7.05068232E-03  -1.53325982E-02   0.00000000       7.09436368E-04   3.18887905E-05   1.26663763E-05   1.94527238E-05
   6.81280810E-03  -1.45397885E-02   0.00000000       3.02469300E-04   3.45210501E-05   1.56492188E-05   2.55487303E-05
   6.00027386E-03  -1.43571077E-02   0.00000000       7.47416110E-04   2.79436226E-05   1.00830539E-05   1.47918836E-05
   5.51438378E-03  -1.38812447E-02   0.00000000       7.67443329E-04   2.60324887E-05   8.83893244E-06   1.25381612E-05
   5.05250413E-03  -1.34126060E-02   0.00000000       7.88272184E-04   2.40768968E-05   7.58452006E-06   1.02657532E-05
   4.61507449E-03  -1.29527003E-02   0.00000000       8.09797551E-04   2.22569688E-05   6.39562359E-06   8.09793983E-06
   4.20013536E-03  -1.25005925E-02   0.00000000       8.32119025E-04   2.03752970E-05   5.20787580E-06   5.93158029E-06
   3.74033954E-03  -1.21089369E-02   0.00000000       9.39950813E-04   1.68984552E-05   2.36183246E-06   4.18594880E-07
   3.36520374E-03  -1.16736786E-02   0.00000000       9.66425345E-04   1.50554833E-05   1.13268470E-06  -1.85757062E-06
   2.93033733E-03  -1.13038290E-02   0.00000000       1.09178014E-03   1.10569008E-05  -2.25265944E-06  -8.50110609E-06
   2.49944162E-03  -1.09471567E-02   0.00000000       1.23311218E-03   6.57675355E-06  -6.17917794E-06  -1.62650485E-05
   2.17328686E-03  -1.05370618E-02   0.00000000       1.26901991E-03   4.80627932E-06  -7.44697491E-06  -1.86683010E-05
   1.75618532E-03  -1.02029145E-02   0.00000000       1.43346924E-03  -4.33564935E-08  -1.18463613E-05  -2.74557151E-05
   1.45793590E-03  -9.80945211E-03   0.00000000       1.47616875E-03  -1.61726166E-06  -1.29209375E-05  -2.94886195E-05
   1.17447542E-03  -9.42438096E-03   0.00000000       1.52058946E-03  -2.99673866E-06  -1.38177220E-05  -3.11667463E-05
   1.02745241E-03  -8.98079574E-03   0.00000000       1.42720900E-03  -1.08308700E-06  -1.13354254E-05  -2.59524677E-05
   7.76427041E-04  -8.61320272E-03   0.00000000       1.47081329E-03  -2.09622999E-06  -1.18870157E-05  -2.69352749E-05
   6.60078658E-04  -8.19349568E-03   0.00000000       1.37973472E-03  -3.15014915E-07  -9.56444637E-06  -2.20676793E-05
   4.38333460E-04  -7.84360711E-03   0.00000000       1.42255018E-03  -9.91836259E-07  -9.79731612E-06  -2.24106243E-05
   3.49225418E-04  -7.44741643E-03   0.00000000       1.33367686E-03   6.23734479E-07  -7.70582847E-06  -1.80135812E-05
   2.70027842E-04  -7.06576137E-03   0.00000000       1.24933652E-03   1.99810142E-06  -5.88027569E-06  -1.41735327E-05
   8.91064265E-05  -6.74292585E-03   0.00000000       1.28885859E-03   1.67912776E-06  -5.80050619E-06  -1.38904716E-05
   3.26260488E-05  -6.38438202E-03   0.00000000       1.20702188E-03   2.64581604E-06  -4.20710694E-06  -1.05416648E-05
  -1.64994053E-05  -6.03895867E-03   0.00000000       1.12831884E-03   3.79592052E-06  -2.86911700E-06  -7.71458781E-06
  -5.85485759E-05  -5.70692448E-03   0.00000000       1.05418428E-03   4.56147791E-06  -1.73771775E-06  -5.31673732E-06
  -9.42723782E-05  -5.38757304E-03   0.00000000       9.83890728E-04   5.15073862E-06  -7.99156737E-07  -3.31806609E-06
  -2.18392219E-04  -5.10934414E-03   0.00000000       1.01573567E-03   5.03690808E-06  -5.70990267E-07  -2.76170863E-06
  -2.38220382E-04  -4.81100613E-03   0.00000000       9.47001041E-04   5.46139199E-06   1.64302989E-07  -1.18282685E-06
  -2.53513426E-04  -4.52432362E-03   0.00000000       8.81866319E-04   5.73925809E-06   7.47093054E-07   7.99586388E-08
  -2.64684379E-04  -4.24900744E-03   0.00000000       8.20153335E-04   5.89956608E-06   1.20048685E-06   1.07526466E-06
  -2.72219913E-04  -3.98451323E-03   0.00000000       7.52043619E-04   1.05838217E-05   2.17360002E-06   2.24376640E-06
  -2.76480423E-04  -3.73056065E-03   0.00000000       7.06410443E-04   1.30207154E-05   1.83060251E-06   2.00427417E-06
  -2.77877349E-04  -3.48664843E-03   0.00000000       6.54096541E-04   4.82970518E-06   9.26790335E-07   7.47284957E-07
  -2.76743667E-04  -3.25242523E-03   0.00000000       6.04642380E-04   5.68033511E-06   2.03387367E-06   3.04844161E-06
  -3.38903570E-04  -3.03956284E-03   0.00000000       6.24524720E-04   5.54267444E-06   2.12758823E-06   3.30284888E-06
  -3.29667266E-04  -2.82214745E-03   0.00000000       5.76254737E-04   5.32000013E-06   2.13747307E-06   3.38480436E-06
  -3.18968523E-04  -2.61339964E-03   0.00000000       5.30692225E-04   5.05948628E-06   2.10104031E-06   3.37417873E-06
  -3.07020673E-04  -2.41306610E-03   0.00000000       4.87711572E-04   4.77629328E-06   2.03381637E-06   3.29897102E-06
  -2.94055033E-04  -2.22076336E-03   0.00000000       4.48024395E-04   4.36965684E-06   1.94135941E-06   3.17159402E-06
  -3.32793657E-04  -2.04263558E-03   0.00000000       4.61992197E-04   4.31652370E-06   1.97391614E-06   3.28764440E-06
  -2.65843555E-04  -1.85896037E-03   0.00000000       3.73203249E-04   3.84495388E-06   1.70380247E-06   2.80765812E-06
  -2.09832971E-04  -1.68466731E-03   0.00000000       2.98189028E-04   3.44098748E-06   1.49639629E-06   2.44861349E-06
  -2.35715168E-04  -1.52549066E-03   0.00000000       3.07898765E-04   3.19792980E-06   1.43375144E-06   2.37008908E-06
  -1.53154484E-04  -1.36313459E-03   0.00000000       2.10919403E-04   2.76664309E-06   1.19708784E-06   1.95223674E-06
  -1.72000291E-04  -1.21549168E-03   0.00000000       2.17688124E-04   2.50760831E-06   1.09850316E-06   1.80184816E-06
  -2.23321957E-04  -1.07534614E-03   0.00000000       2.58762360E-04   2.35208972E-06   1.09239613E-06   1.82716417E-06
  -2.79972592E-04  -9.39959078E-04   0.00000000       3.06731061E-04   2.35389825E-06   1.21403218E-06   2.09307359E-06
  -1.57396449E-03  -8.66505317E-04   0.00000000       1.59533229E-03   2.76134469E-05   1.58655039E-05   2.56783405E-05
  -1.32179877E-03  -7.17722112E-04   0.00000000       1.33602298E-03   1.97640966E-05   1.11148647E-05   1.79082399E-05
  -1.21766550E-03  -5.82559558E-04   0.00000000       1.22677791E-03   1.42063282E-05   7.69585131E-06   1.22797237E-05
  -1.11745531E-03  -4.53924324E-04   0.00000000       1.12338108E-03   1.18691714E-05   5.84958434E-06   9.11396273E-06
  -1.24430854E-03  -3.35150922E-04   0.00000000       1.24669133E-03   1.02810664E-05   4.40557324E-06   6.69128667E-06
  -1.13693438E-03  -2.16831017E-04   0.00000000       1.13739329E-03   5.90610080E-06   2.28524027E-06   3.43412739E-06
  -7.58343085E-04  -1.03376093E-04   0.00000000       7.58671027E-04   1.40276688E-06   4.86382419E-07   7.26206508E-07
  -4.87180068E-06   1.56434314E-08   0.00000000       3.92096536E-06   2.43632314E-08   3.02416225E-09   3.94856947E-09
  -7.58253038E-04   1.08344633E-04   0.00000000       7.57666188E-04   4.33574678E-06   1.48625008E-06   2.21623736E-06
  -1.13652903E-03   2.24575095E-04   0.00000000       1.13708992E-03   1.01351989E-05   3.88994022E-06   5.84215150E-06
  -1.24354637E-03   3.43963125E-04   0.00000000       1.24655326E-03   1.49681109E-05   6.33203217E-06   9.60164471E-06
  -1.11644540E-03   4.62158321E-04   0.00000000       1.12187036E-03   1.57876657E-05   7.70932638E-06   1.19973156E-05
  -1.21620321E-03   5.91897755E-04   0.00000000       1.22564158E-03   1.95768771E-05   1.03779130E-05   1.64588891E-05
  -1.32016628E-03   7.28253508E-04   0.00000000       1.33501168E-03   2.43253289E-05   1.35773835E-05   2.18364821E-05
  -1.57152920E-03   8.79568513E-04   0.00000000       1.59303437E-03   3.39615654E-05   1.96737365E-05   3.19514911E-05
  -2.79626547E-04   9.42572311E-04   0.00000000       3.06889211E-04   3.05636399E-06   1.66023938E-06   2.85984856E-06
  -2.23032548E-04   1.07764930E-03   0.00000000       2.58629763E-04   2.77270101E-06   1.31335264E-06   2.20379297E-06
  -1.71757565E-04   1.21747900E-03   0.00000000       2.17598688E-04   3.05205504E-06   1.38647533E-06   2.27674195E-06
  -1.52895300E-04   1.36516127E-03   0.00000000       2.10835846E-04   3.33567118E-06   1.54136796E-06   2.56307908E-06
  -2.35236337E-04   1.52852805E-03   0.00000000       3.07713519E-04   3.77937749E-06   1.78670325E-06   2.99690987E-06
  -2.09337391E-04   1.68770808E-03   0.00000000       2.98899482E-04   3.87538330E-06   1.80733855E-06   2.99385874E-06
  -2.65107723E-04   1.86289672E-03   0.00000000       3.72930546E-04   4.55215059E-06   2.17621505E-06   3.66105428E-06
  -3.31720192E-04   2.04766938E-03   0.00000000       4.61567804E-04   5.03184538E-06   2.44682360E-06   4.15553086E-06
  -2.92961486E-04   2.22577807E-03   0.00000000       4.46817430E-04   5.13835357E-06   2.36052369E-06   3.93462369E-06
  -3.05692200E-04   2.41873390E-03   0.00000000       4.87247744E-04   5.40677365E-06   2.42064175E-06   4.00237741E-06
  -3.17360653E-04   2.61979969E-03   0.00000000       5.30141580E-04   5.60388162E-06   2.39762221E-06   3.89861225E-06
  -3.27763206E-04   2.82923575E-03   0.00000000       5.75614802E-04   5.93724144E-06   2.50100879E-06   4.04162438E-06
  -3.36649769E-04   3.04742809E-03   0.00000000       6.23780303E-04   6.16198804E-06   2.49666346E-06   3.96581936E-06
  -2.74411344E-04   3.26038501E-03   0.00000000       6.03948894E-04   6.24709355E-06   2.33194191E-06   3.57139220E-06
  -2.75132159E-04   3.49545409E-03   0.00000000       6.53294846E-04   6.37814537E-06   2.20730908E-06   3.24962593E-06
  -2.73275946E-04   3.74023803E-03   0.00000000       7.05490180E-04   6.52162453E-06   2.08822553E-06   2.93658331E-06
  -2.68432021E-04   3.99530027E-03   0.00000000       7.60652183E-04   6.53427242E-06   1.82449674E-06   2.32833349E-06
  -2.60287226E-04   4.26083198E-03   0.00000000       8.18933127E-04   6.38967140E-06   1.39297424E-06   1.37828579E-06
  -2.48389406E-04   4.53735190E-03   0.00000000       8.80468229E-04   6.35977449E-06   1.07922358E-06   6.56264547E-07
  -2.32340171E-04   4.82515898E-03   0.00000000       9.45422915E-04   5.95542770E-06   3.55552032E-07  -8.89160333E-07
  -2.11534410E-04   5.12498617E-03   0.00000000       1.01392623E-03   5.52457777E-06  -4.10695179E-07  -2.52717587E-06
  -1.85671641E-04   5.43677295E-03   0.00000000       1.08619907E-03   5.12975021E-06  -1.13581837E-06  -4.09120685E-06
  -5.06980978E-05   5.72354160E-03   0.00000000       1.05234329E-03   5.00846090E-06  -1.60558034E-06  -5.15163447E-06
  -7.36572520E-06   6.05731877E-03   0.00000000       1.12621277E-03   4.28832254E-06  -2.72199600E-06  -7.51183279E-06
   4.28082858E-05   6.40383409E-03   0.00000000       1.20413699E-03   3.73231546E-06  -3.65930464E-06  -9.51942729E-06
   1.00650934E-04   6.76390156E-03   0.00000000       1.28627720E-03   2.18089099E-06  -5.64404172E-06  -1.36673752E-05
   1.66881087E-04   7.13801477E-03   0.00000000       1.37283478E-03   6.62827006E-07  -7.61139290E-06  -1.77884831E-05
   3.62429739E-04   7.46972114E-03   0.00000000       1.33104622E-03   7.31958949E-07  -7.97923258E-06  -1.86658235E-05
   4.53051238E-04   7.86728598E-03   0.00000000       1.41966005E-03  -1.56600976E-07  -9.32588409E-06  -2.15337841E-05
   6.74743322E-04   8.21650308E-03   0.00000000       1.37713051E-03   3.78043410E-08  -9.59617319E-06  -2.22222443E-05
   7.92858540E-04   8.63777567E-03   0.00000000       1.46793050E-03  -2.24798418E-06  -1.24116059E-05  -2.81134198E-05
   1.04376359E-03   9.00454819E-03   0.00000000       1.42461958E-03  -5.21054744E-07  -1.11279396E-05  -2.56324638E-05
   1.19263085E-03   9.44960210E-03   0.00000000       1.51773728E-03  -2.80857125E-06  -1.40086477E-05  -3.16559453E-05
   1.47590984E-03   9.83373821E-03   0.00000000       1.47361099E-03  -2.03507625E-06  -1.37457955E-05  -3.12756783E-05
   1.77418278E-03   1.02265393E-02   0.00000000       1.43115222E-03   8.67467463E-07  -1.12886237E-05  -2.64281152E-05
   2.18900340E-03   1.05573880E-02   0.00000000       1.26735482E-03   4.54649989E-06  -8.10519305E-06  -2.01179137E-05
   2.51569925E-03   1.09675238E-02   0.00000000       1.23155874E-03   7.21875449E-06  -5.96694736E-06  -1.59495539E-05
   2.94460822E-03   1.13213435E-02   0.00000000       1.09067780E-03   1.10306155E-05  -2.71578097E-06  -9.55001724E-06
   3.37782386E-03   1.16888070E-02   0.00000000       9.65640706E-04   1.54850422E-05   1.16138074E-06  -1.91209460E-06
   3.75290355E-03   1.21234842E-02   0.00000000       9.39248072E-04   1.67719227E-05   1.82503697E-06  -7.77841194E-07
   4.21172986E-03   1.25136636E-02   0.00000000       8.31610989E-04   2.07725025E-05   5.17135732E-06   5.74014530E-06
   4.62542614E-03   1.29639637E-02   0.00000000       8.09387304E-04   2.27282835E-05   6.54778751E-06   8.30928730E-06
   5.06418152E-03   1.34248668E-02   0.00000000       7.87857920E-04   2.42227616E-05   7.31170940E-06   9.59296995E-06
   5.52477827E-03   1.38917798E-02   0.00000000       7.67120975E-04   2.62347094E-05   8.70364420E-06   1.21500952E-05
   6.01083506E-03   1.43674407E-02   0.00000000       7.47122685E-04   2.81862140E-05   9.95089158E-06   1.44096330E-05
   6.81704842E-03   1.45438975E-02   0.00000000       3.02439119E-04   3.52063907E-05   1.59665542E-05   2.60698489E-05
   7.06010684E-03   1.53411934E-02   0.00000000       7.09224201E-04   3.23050372E-05   1.27863286E-05   1.95981538E-05
   7.58273061E-03   1.58915501E-02   0.00000000       7.58774288E-04   3.32949676E-05   1.30681256E-05   1.98880916E-05
   8.22138693E-03   1.63462032E-02   0.00000000       6.73900475E-04   3.63817126E-05   1.54583286E-05   2.43856593E-05
   8.80589057E-03   1.69094931E-02   0.00000000       7.21195247E-04   3.75515338E-05   1.60043801E-05   2.52069422E-05
   9.50269308E-03   1.73810963E-02   0.00000000       6.41010934E-04   4.07941698E-05   1.85304252E-05   2.99417770E-05
   1.01528997E-02   1.79565977E-02   0.00000000       6.86153246E-04   4.20926299E-05   1.91982963E-05   3.09934912E-05
   1.09115681E-02   1.84439961E-02   0.00000000       6.10433402E-04   4.51561682E-05   2.15544842E-05   3.53579271E-05
   1.16663743E-02   1.89854242E-02   0.00000000       5.95975376E-04   4.74193293E-05   2.31272443E-05   3.81728532E-05
   1.24577638E-02   1.95344351E-02   0.00000000       5.81968692E-04   4.97554465E-05   2.47820735E-05   4.11319088E-05
   1.32545764E-02   2.01350283E-02   0.00000000       6.23207830E-04   5.16643267E-05   2.60788183E-05   4.33823625E-05
   1.41214570E-02   2.06961967E-02   0.00000000       6.08855975E-04   5.41747249E-05   2.78927728E-05   4.66394740E-05
   1.49988346E-02   2.13126317E-02   0.00000000       6.51596405E-04   5.64249895E-05   2.93989815E-05   4.92674153E-05
   1.59266628E-02   2.19176617E-02   0.00000000       6.74489071E-04   5.85550042E-05   3.08677845E-05   5.18278321E-05
   1.69071872E-02   2.25160830E-02   0.00000000       6.81227131E-04   6.15560784E-05   3.30814073E-05   5.58074644E-05
   1.79113280E-02   2.31553297E-02   0.00000000       7.28280982E-04   6.40682629E-05   3.48432077E-05   5.89077572E-05
   1.89600252E-02   2.38033012E-02   0.00000000       7.78174377E-04   6.70156369E-05   3.69926565E-05   6.27425834E-05
   2.00546496E-02   2.44600233E-02   0.00000000       8.31068028E-04   6.93307375E-05   3.85825588E-05   6.54810865E-05
   2.12308634E-02   2.50596795E-02   0.00000000       8.12913117E-04   7.26877988E-05   4.10276261E-05   6.98487129E-05
   2.24244259E-02   2.57304218E-02   0.00000000       8.67879542E-04   7.58931055E-05   4.33688801E-05   7.40120522E-05
   2.36325562E-02   2.64851674E-02   0.00000000       1.00960536E-03   7.83739015E-05   4.50204570E-05   7.68131431E-05
   2.49991193E-02   2.70242319E-02   0.00000000       9.06463247E-04   8.30297067E-05   4.85870078E-05   8.33012164E-05
   2.62763072E-02   2.78807748E-02   0.00000000       1.14723272E-03   8.47860938E-05   4.95310087E-05   8.46868570E-05
   2.77194344E-02   2.85010748E-02   0.00000000       1.12300040E-03   8.93057368E-05   5.29846293E-05   9.09463270E-05
   2.91815437E-02   2.92160716E-02   0.00000000       1.19669188E-03   9.29957605E-05   5.56255800E-05   9.55858268E-05
   3.07775773E-02   2.97572687E-02   0.00000000       1.07709039E-03   9.84431608E-05   5.98300612E-05   1.03234081E-04
   3.23248468E-02   3.05725243E-02   0.00000000       1.24872185E-03   1.01655576E-04   6.19912316E-05   1.06907064E-04
   3.39694768E-02   3.13085616E-02   0.00000000       1.33014889E-03   1.05564715E-04   6.47410779E-05   1.11682792E-04
   3.56795341E-02   3.20541076E-02   0.00000000       1.41652056E-03   1.10294743E-04   6.82301834E-05   1.17897369E-04
   3.75325680E-02   3.25917378E-02   0.00000000       1.27789576E-03   1.16417184E-04   7.29072635E-05   1.26356710E-04
   3.93401496E-02   3.34523916E-02   0.00000000       1.47852267E-03   1.20337325E-04   7.56032387E-05   1.30984437E-04
   4.12544459E-02   3.42177376E-02   0.00000000       1.57414551E-03   1.24885133E-04   7.87874305E-05   1.36504328E-04
   4.33187746E-02   3.47512327E-02   0.00000000       1.42243237E-03   1.31857640E-04   8.41858855E-05   1.46299921E-04
   4.53817509E-02   3.55196595E-02   0.00000000       1.51498883E-03   1.37386160E-04   8.82359382E-05   1.53485831E-04
   4.74790856E-02   3.64265330E-02   0.00000000       1.74993544E-03   1.41956421E-04   9.14292177E-05   1.58999886E-04
   4.96951342E-02   3.72198671E-02   0.00000000       1.86254003E-03   1.47431507E-04   9.53425915E-05   1.65842182E-04
   5.20715751E-02   3.77376676E-02   0.00000000       1.68661098E-03   1.55128218E-04   1.01203375E-04   1.76409114E-04
   5.44115640E-02   3.86759676E-02   0.00000000       1.94639410E-03   1.60463867E-04   1.04995801E-04   1.83012657E-04
   5.68749160E-02   3.94862890E-02   0.00000000       2.07156548E-03   1.66322250E-04   1.09147804E-04   1.90233695E-04
   5.95069379E-02   3.99899334E-02   0.00000000       1.87876308E-03   1.75057823E-04   1.15884162E-04   2.02438721E-04
   6.21480606E-02   4.07978781E-02   0.00000000       2.00040801E-03   1.81909563E-04   1.20920195E-04   2.11351740E-04
   6.48384988E-02   4.17845696E-02   0.00000000       2.30587367E-03   1.87102065E-04   1.24372993E-04   2.17144319E-04
   6.77814633E-02   4.21125777E-02   0.00000000       1.93438958E-03   1.97741989E-04   1.32725589E-04   2.32388062E-04
   7.06684515E-02   4.30890992E-02   0.00000000       2.23008334E-03   2.04246520E-04   1.37346797E-04   2.40428082E-04
   7.36486688E-02   4.41072434E-02   0.00000000       2.56907521E-03   2.10129103E-04   1.41324766E-04   2.47157324E-04
   7.68502280E-02   4.45649326E-02   0.00000000       2.33682967E-03   2.20365982E-04   1.49186555E-04   2.61361769E-04
   8.00755471E-02   4.53956425E-02   0.00000000       2.48852628E-03   2.28551435E-04   1.55226473E-04   2.72055098E-04
   8.34435970E-02   4.60371301E-02   0.00000000       2.45048013E-03   2.38042951E-04   1.62361204E-04   2.84807466E-04
   8.68833512E-02   4.68691364E-02   0.00000000       2.61003873E-03   2.46453972E-04   1.68465849E-04   2.95534119E-04
   9.04679894E-02   4.75018173E-02   0.00000000       2.57158512E-03   2.56161147E-04   1.75692578E-04   3.08382791E-04
   9.41297263E-02   4.83329073E-02   0.00000000       2.73959641E-03   2.64949398E-04   1.82079006E-04   3.19589104E-04
   9.79423448E-02   4.89546433E-02   0.00000000       2.70075048E-03   2.75802857E-04   1.90301565E-04   3.34340206E-04
  0.101834603       4.97826934E-02   0.00000000       2.87782657E-03   2.85169401E-04   1.97121815E-04   3.46332643E-04
  0.105846152       5.06154709E-02   0.00000000       3.06655583E-03   2.96550978E-04   2.05884440E-04   3.62137536E-04
  0.110018484       5.12139536E-02   0.00000000       3.02543677E-03   3.06464906E-04   2.12997125E-04   3.74548545E-04
  0.114271179       5.20403981E-02   0.00000000       3.22463992E-03   3.22417996E-04   2.25863987E-04   3.98175820E-04
  0.118651696       5.28711639E-02   0.00000000       3.43703525E-03   3.27517191E-04   2.28481178E-04   4.01894737E-04
  0.123197749       5.34387939E-02   0.00000000       3.39364796E-03   3.39705352E-04   2.37626606E-04   4.18191892E-04
  0.127840370       5.42612113E-02   0.00000000       3.61808948E-03   3.50813032E-04   2.45779433E-04   4.32564324E-04
  0.132646248       5.48055470E-02   0.00000000       3.57443234E-03   3.63400701E-04   2.55164021E-04   4.49234969E-04
  0.137549639       5.56160770E-02   0.00000000       3.81191564E-03   3.75297008E-04   2.63956725E-04   4.64786892E-04
  0.142584547       5.64288236E-02   0.00000000       4.06544050E-03   3.87613662E-04   2.73102603E-04   4.80995805E-04
  0.147792280       5.69298975E-02   0.00000000       4.01953887E-03   4.01463447E-04   2.83495989E-04   4.99518006E-04
  0.153108835       5.77287152E-02   0.00000000       4.28808574E-03   4.14081442E-04   2.92841985E-04   5.16052125E-04
  0.158595771       5.81981279E-02   0.00000000       4.24198946E-03   4.28525469E-04   3.03615147E-04   5.35184285E-04
  0.164211571       5.86512126E-02   0.00000000       4.19777911E-03   4.43492259E-04   3.14880366E-04   5.55282459E-04
  0.169951230       5.94129525E-02   0.00000000       4.48060734E-03   4.59382776E-04   3.27202899E-04   5.77565341E-04
  0.175857291       5.98293431E-02   0.00000000       4.43625776E-03   4.72559390E-04   3.36483412E-04   5.93567092E-04
  0.181854829       6.09380491E-02   0.00000000       5.10605611E-03   4.86781384E-04   3.47207562E-04   6.12693082E-04
  0.188051835       6.13100044E-02   0.00000000       5.05782571E-03   5.01818489E-04   3.58153513E-04   6.31887815E-04
  0.194357321       6.20504804E-02   0.00000000       5.40135195E-03   5.16994449E-04   3.69420188E-04   6.51831215E-04
  0.200836524       6.23777546E-02   0.00000000       5.35322074E-03   5.34126710E-04   3.82297178E-04   6.74774696E-04
  0.207443684       6.30947724E-02   0.00000000       5.71862422E-03   5.49865130E-04   3.93951457E-04   6.95371826E-04
  0.214212105       6.33743554E-02   0.00000000       5.67065831E-03   5.67034527E-04   4.06668143E-04   7.17858609E-04
  0.221102223       6.40653521E-02   0.00000000       6.05983380E-03   5.88224328E-04   4.23534599E-04   7.48697144E-04
  0.228161857       6.42941743E-02   0.00000000       6.01211982E-03   6.02693821E-04   4.33403067E-04   7.65413395E-04
  0.235334888       6.49580657E-02   0.00000000       6.42696349E-03   6.19985338E-04   4.46230639E-04   7.88104662E-04
  0.242686599       6.46764860E-02   0.00000000       5.92304161E-03   6.42277184E-04   4.63460747E-04   8.19207518E-04
  0.250142425       6.57693371E-02   0.00000000       6.82220375E-03   6.56612916E-04   4.73355147E-04   8.36044259E-04
  0.257759154       6.54037446E-02   0.00000000       6.29156036E-03   6.79503835E-04   4.90932318E-04   8.67674535E-04
  0.265477747       6.76511526E-02   0.00000000       8.40348843E-03   6.90984190E-04   4.98494192E-04   8.80175387E-04
  0.273387194       6.60422966E-02   0.00000000       6.68866234E-03   7.23844394E-04   5.21931041E-04   9.22008418E-04
  0.281400263       6.65873811E-02   0.00000000       7.15840841E-03   7.85939919E-04   5.52390818E-04   9.69594461E-04
  0.289538801       6.65903687E-02   0.00000000       7.11693382E-03   8.08303361E-04   5.69149153E-04   9.99502139E-04
  0.297819018       6.83167875E-02   0.00000000       8.83004628E-03   7.74730230E-04   5.60950488E-04   9.90931061E-04
  0.306204647       6.70476258E-02   0.00000000       7.57908588E-03   8.03504488E-04   5.83405141E-04   1.03164569E-03
  0.314721018       6.69594482E-02   0.00000000       7.54086208E-03   8.26007628E-04   6.00152067E-04   1.06131076E-03
  0.323381662       6.94091991E-02   0.00000000       1.00726560E-02   8.47809191E-04   6.17470418E-04   1.09291286E-03
  0.332112283       6.78778291E-02   0.00000000       8.65509734E-03   8.68947711E-04   6.31917326E-04   1.11739326E-03
  0.340961754       6.76944852E-02   0.00000000       8.61760415E-03   8.93417106E-04   6.50446571E-04   1.15049363E-03
  0.349918634       6.74814805E-02   0.00000000       8.58247653E-03   9.17767989E-04   6.68531575E-04   1.18249340E-03
  0.358974934       6.72389492E-02   0.00000000       8.54968745E-03   9.42992629E-04   6.87513093E-04   1.21629681E-03
  0.368161261       6.83131739E-02   0.00000000       9.86579061E-03   9.68230423E-04   7.06433610E-04   1.24992430E-03
  0.377400190       6.80072084E-02   0.00000000       9.83257033E-03   9.89072374E-04   7.21511140E-04   1.27623801E-03
  0.386728138       6.76726177E-02   0.00000000       9.80194658E-03   1.01523439E-03   7.41149648E-04   1.31116633E-03
  0.396126211       6.73102662E-02   0.00000000       9.77388863E-03   1.04147068E-03   7.60773255E-04   1.34601234E-03
  0.405602545       6.69200793E-02   0.00000000       9.74834152E-03   1.06797926E-03   7.80598552E-04   1.38120377E-03
  0.415169924       6.72412217E-02   0.00000000       1.04640760E-02   1.09245232E-03   7.98659341E-04   1.41305209E-03
  0.424767405       6.67959824E-02   0.00000000       1.04417540E-02   1.11870246E-03   8.18240980E-04   1.44779542E-03
  0.434424073       6.63248673E-02   0.00000000       1.04220388E-02   1.14662223E-03   8.39192595E-04   1.48503110E-03
  0.444128811       6.58288002E-02   0.00000000       1.04049230E-02   1.17450056E-03   8.59938853E-04   1.52176863E-03
  0.453916818       6.60958588E-02   0.00000000       1.11787943E-02   1.20003917E-03   8.78772291E-04   1.55497098E-03
  0.463692665       6.55515864E-02   0.00000000       1.11658266E-02   1.22809655E-03   8.99710692E-04   1.59210071E-03
  0.473497331       6.49850518E-02   0.00000000       1.11556165E-02   1.25565566E-03   9.20289196E-04   1.62862916E-03
  0.483500212       6.71236739E-02   0.00000000       1.38802929E-02   1.27631496E-03   9.34731914E-04   1.65334030E-03
  0.493219554       6.46322370E-02   0.00000000       1.19883800E-02   1.31102093E-03   9.61274025E-04   1.70100073E-03
  0.503074825       6.40041679E-02   0.00000000       1.19861979E-02   1.33990636E-03   9.82807716E-04   1.73915853E-03
  0.512929916       6.33581281E-02   0.00000000       1.19869821E-02   1.36887713E-03   1.00434583E-03   1.77729444E-03
  0.522836924       6.36022314E-02   0.00000000       1.28996726E-02   1.39550399E-03   1.02391851E-03   1.81174080E-03
  0.532661915       6.29247427E-02   0.00000000       1.29069472E-02   1.42389338E-03   1.04506244E-03   1.84923655E-03
  0.542477787       6.22320585E-02   0.00000000       1.29174441E-02   1.45402050E-03   1.06741383E-03   1.88874337E-03
  0.552261472       6.15264848E-02   0.00000000       1.29311858E-02   1.48321700E-03   1.08914031E-03   1.92722189E-03
  0.562015295       6.08085208E-02   0.00000000       1.29481703E-02   1.51288509E-03   1.11108681E-03   1.96598936E-03
  0.571806550       6.10599294E-02   0.00000000       1.39518240E-02   1.53991824E-03   1.13089569E-03   2.00080615E-03
  0.581472695       6.03233539E-02   0.00000000       1.39774065E-02   1.56950473E-03   1.15281588E-03   2.03955895E-03
  0.591076970       5.95792048E-02   0.00000000       1.40065886E-02   1.59862707E-03   1.17446075E-03   2.07788730E-03
  0.600631356       5.88272512E-02   0.00000000       1.40394736E-02   1.62868225E-03   1.19662250E-03   2.11697211E-03
  0.610116422       5.80697209E-02   0.00000000       1.40760532E-02   1.65826245E-03   1.21846329E-03   2.15553609E-03
  0.619529307       5.73075674E-02   0.00000000       1.41164036E-02   1.68730645E-03   1.23995706E-03   2.19353591E-03
  0.628875554       5.65410219E-02   0.00000000       1.41606154E-02   1.71760155E-03   1.26220798E-03   2.23270757E-03
  0.638128221       5.57730161E-02   0.00000000       1.42086679E-02   1.74721878E-03   1.28400780E-03   2.27114675E-03
  0.647293210       5.50037660E-02   0.00000000       1.42606804E-02   1.77651632E-03   1.30560470E-03   2.30925274E-03
  0.656365931       5.42343594E-02   0.00000000       1.43167125E-02   1.80587987E-03   1.32718286E-03   2.34728958E-03
  0.665350914       5.34650832E-02   0.00000000       1.43769318E-02   1.83586648E-03   1.34909921E-03   2.38580233E-03
  0.674329281       5.37925996E-02   0.00000000       1.55402245E-02   1.86296098E-03   1.36873068E-03   2.42016348E-03
  0.682989180       5.19355871E-02   0.00000000       1.45099154E-02   1.89480849E-03   1.39220757E-03   2.46162782E-03
  0.691749990       5.22824153E-02   0.00000000       1.56938247E-02   1.92184455E-03   1.41175697E-03   2.49581528E-03
  0.700297832       5.15345074E-02   0.00000000       1.57779437E-02   1.95126329E-03   1.43318390E-03   2.53344141E-03
  0.708723187       5.07935323E-02   0.00000000       1.58670191E-02   1.98065769E-03   1.45455229E-03   2.57094228E-03
  0.717033684       5.00594862E-02   0.00000000       1.59612987E-02   2.00995198E-03   1.47581275E-03   2.60822661E-03
  0.725209773       4.93347831E-02   0.00000000       1.60607249E-02   2.03926698E-03   1.49703689E-03   2.64541572E-03
  0.733254969       4.86197621E-02   0.00000000       1.61654931E-02   2.06837943E-03   1.51810923E-03   2.68234476E-03
  0.741187692       4.79134656E-02   0.00000000       1.62760727E-02   2.09779572E-03   1.53926027E-03   2.71930196E-03
  0.749102473       4.84670177E-02   0.00000000       1.76462214E-02   2.12442712E-03   1.55815633E-03   2.75209430E-03
  0.756768882       4.77941558E-02   0.00000000       1.77787319E-02   2.15362757E-03   1.57908630E-03   2.78863427E-03
  0.764290094       4.71353903E-02   0.00000000       1.79176759E-02   2.18288577E-03   1.60000729E-03   2.82511767E-03
  0.771672904       4.64907959E-02   0.00000000       1.80633999E-02   2.21199612E-03   1.62082573E-03   2.86141783E-03
  0.778914750       4.58612554E-02   0.00000000       1.82160754E-02   2.24133930E-03   1.64163415E-03   2.89760809E-03
  0.786028624       4.52463031E-02   0.00000000       1.83762610E-02   2.27078702E-03   1.66246900E-03   2.93379650E-03
  0.792996705       4.46481518E-02   0.00000000       1.85438320E-02   2.30006035E-03   1.68314995E-03   2.96969549E-03
  0.799821436       4.40672450E-02   0.00000000       1.87190901E-02   2.32922728E-03   1.70375174E-03   3.00546689E-03
  0.806505144       4.35040332E-02   0.00000000       1.89023558E-02   2.35878327E-03   1.72447111E-03   3.04133282E-03
  0.813056350       4.29584943E-02   0.00000000       1.90942194E-02   2.38857325E-03   1.74519815E-03   3.07710748E-03
  0.819633842       4.39124890E-02   0.00000000       2.07846500E-02   2.41544517E-03   1.76351320E-03   3.10839084E-03
  0.825896740       4.34241891E-02   0.00000000       2.10117660E-02   2.44530081E-03   1.78419950E-03   3.14404955E-03
  0.832021892       4.29568514E-02   0.00000000       2.12491211E-02   2.47515668E-03   1.80486171E-03   3.17964563E-03
  0.838005424       4.25114892E-02   0.00000000       2.14969348E-02   2.50532408E-03   1.82560645E-03   3.21530551E-03
  0.843866289       4.20874730E-02   0.00000000       2.17564814E-02   2.53586541E-03   1.84645969E-03   3.25104943E-03
  0.849571645       4.16878909E-02   0.00000000       2.20266934E-02   2.56649731E-03   1.86735170E-03   3.28684435E-03
  0.855142772       4.13119644E-02   0.00000000       2.23089531E-02   2.59707263E-03   1.88818504E-03   3.32253915E-03
  0.860578239       4.09605801E-02   0.00000000       2.26036962E-02   2.62850826E-03   1.90937577E-03   3.35869426E-03
  0.865895689       4.06334847E-02   0.00000000       2.29125060E-02   2.65999790E-03   1.93054788E-03   3.39478347E-03
  0.871076643       4.03327048E-02   0.00000000       2.32349057E-02   2.69171386E-03   1.95180159E-03   3.43097118E-03
  0.876104951       4.00598757E-02   0.00000000       2.35703047E-02   2.72401096E-03   1.97336893E-03   3.46764992E-03
  0.881026626       3.98134962E-02   0.00000000       2.39224974E-02   2.75664893E-03   1.99505477E-03   3.50446510E-03
  0.885816753       3.95958833E-02   0.00000000       2.42905430E-02   2.78980774E-03   2.01701722E-03   3.54170776E-03
  0.890485942       3.94076332E-02   0.00000000       2.46760696E-02   2.82339961E-03   2.03916151E-03   3.57920770E-03
  0.894788384       3.74225900E-02   0.00000000       2.32363306E-02   2.85781454E-03   2.06187973E-03   3.61770717E-03
  0.899195552       3.72607335E-02   0.00000000       2.36215647E-02   2.89223227E-03   2.08436721E-03   3.65566765E-03
  0.903504550       3.71289998E-02   0.00000000       2.40272135E-02   2.92759575E-03   2.10726564E-03   3.69418762E-03
  0.907692313       3.70295867E-02   0.00000000       2.44523752E-02   2.96324817E-03   2.13036500E-03   3.73306312E-03
  0.911736548       3.69642042E-02   0.00000000       2.48957295E-02   3.00002191E-03   2.15420476E-03   3.77322221E-03
  0.915700436       3.69337760E-02   0.00000000       2.53659487E-02   3.03795608E-03   2.17857794E-03   3.81415291E-03
  0.919562995       3.69412191E-02   0.00000000       2.58631352E-02   3.07641248E-03   2.20329827E-03   3.85569804E-03
  0.923276663       3.69887799E-02   0.00000000       2.63832510E-02   3.11636995E-03   2.22906843E-03   3.89909372E-03
  0.926937401       3.70817073E-02   0.00000000       2.69436073E-02   3.15777003E-03   2.25555617E-03   3.94359790E-03
  0.930463314       3.72237526E-02   0.00000000       2.75372583E-02   3.20065371E-03   2.28318432E-03   3.99017287E-03
  0.933604777       3.52504626E-02   0.00000000       2.59854607E-02   3.23595549E-03   2.30420171E-03   4.02420759E-03
  0.936959386       3.54297832E-02   0.00000000       2.65974402E-02   3.28075094E-03   2.33258703E-03   4.07178933E-03
  0.940190673       3.56719084E-02   0.00000000       2.72573009E-02   3.32148746E-03   2.35743984E-03   4.11265390E-03
  0.943260431       3.52662727E-02   0.00000000       2.72553973E-02   3.36308288E-03   2.38267845E-03   4.15409310E-03
  0.946428061       3.64408903E-02   0.00000000       2.88343932E-02   3.42952437E-03   2.42806855E-03   4.23303107E-03
  0.949427724       3.70011330E-02   0.00000000       2.97836550E-02   3.48074152E-03   2.46050768E-03   4.28754603E-03
  0.951377332       3.04556470E-02   0.00000000       2.35520471E-02   3.48648173E-03   2.45557656E-03   4.27237898E-03
  0.954813182       3.55548561E-02   0.00000000       2.90606227E-02   3.56047088E-03   2.50529358E-03   4.35830606E-03
  0.957562447       3.62609960E-02   0.00000000       3.01250257E-02   3.64117906E-03   2.56076711E-03   4.45525255E-03
  0.960240424       3.70133147E-02   0.00000000       3.12267970E-02   3.68774962E-03   2.58758361E-03   4.49837418E-03
  0.962740481       3.68867703E-02   0.00000000       3.14348526E-02   3.73894419E-03   2.61766347E-03   4.54729330E-03
  0.964939475       3.55761983E-02   0.00000000       3.04301884E-02   3.77249625E-03   2.63276719E-03   4.56798915E-03
  0.967382371       3.62350643E-02   0.00000000       3.14107724E-02   3.87587701E-03   2.70440523E-03   4.69392538E-03
  0.969742656       3.68370302E-02   0.00000000       3.23247351E-02   3.92263429E-03   2.72929179E-03   4.73241182E-03
  0.971917033       3.69532406E-02   0.00000000       3.27330716E-02   3.98318563E-03   2.76532769E-03   4.79171611E-03
  0.973910928       3.59925143E-02   0.00000000       3.20507176E-02   4.05305298E-03   2.80717085E-03   4.86084493E-03
  0.975915730       3.56130041E-02   0.00000000       3.19464020E-02   4.12623258E-03   2.85141799E-03   4.93443152E-03
  0.977931798       3.59698310E-02   0.00000000       3.25737819E-02   4.20421502E-03   2.89923395E-03   5.01456158E-03
  0.979882479       3.62696201E-02   0.00000000       3.31363641E-02   4.28685127E-03   2.95009627E-03   5.09995595E-03
  0.981797993       3.65195684E-02   0.00000000       3.36453728E-02   4.36676573E-03   2.99723982E-03   5.17754583E-03
  0.983582556       3.67125385E-02   0.00000000       3.40805575E-02   4.44040261E-03   3.03844223E-03   5.24409860E-03
  0.985344529       3.68653461E-02   0.00000000       3.44733782E-02   4.52417601E-03   3.08773108E-03   5.32570248E-03
  0.987048328       3.69777307E-02   0.00000000       3.48186418E-02   4.73338645E-03   3.17191542E-03   5.44763636E-03
  0.988305211       3.47454846E-02   0.00000000       3.27805541E-02   4.76070074E-03   3.17116012E-03   5.43404371E-03
  0.989906371       3.48063298E-02   0.00000000       3.30615044E-02   4.79856227E-03   3.18830996E-03   5.46426559E-03
  0.991417408       3.48315686E-02   0.00000000       3.32920626E-02   4.87977406E-03   3.21373227E-03   5.49973780E-03
  0.992876351       3.48289981E-02   0.00000000       3.34944353E-02   4.95519629E-03   3.26479157E-03   5.58267627E-03
  0.994289875       3.48026678E-02   0.00000000       3.36642414E-02   4.93290694E-03   3.28064477E-03   5.61295170E-03
  0.995617270       3.47576477E-02   0.00000000       3.38038988E-02   5.01270499E-03   3.31818685E-03   5.66977495E-03
  0.996904731       3.46948877E-02   0.00000000       3.39207239E-02   5.04950481E-03   3.32027208E-03   5.66087477E-03
  0.998192251       3.46053764E-02   0.00000000       3.40113528E-02   5.16619068E-03   3.38344532E-03   5.76430652E-03
  0.999393880       3.45064923E-02   0.00000000       3.40809934E-02   5.24367299E-03   3.41498479E-03   5.80960372E-03
   1.00054359       3.42912041E-02   0.00000000       3.40283588E-02   5.25347842E-03   3.39215226E-03   5.75449923E-03
   1.00164187       3.42738144E-02   0.00000000       3.41647342E-02   6.64366176E-03   4.51499457E-03   7.80622056E-03
   1.00278664       3.41324136E-02   0.00000000       3.41850184E-02   5.46168210E-03   3.48534994E-03   5.90009661E-03
   1.00379145       3.39944325E-02   0.00000000       3.41892838E-02   5.53770596E-03   3.50617524E-03   5.92760695E-03
